    0.0000     0.0000     0.0000 
   10.0700     0.1910     2.8650 
   11.3100     0.2070     3.1050 
   12.7800     0.2290     3.4350 
   15.0500     0.2640     3.9600 
   16.9900     0.2970     4.4550 
   18.7900     0.3270     4.9050 
   20.9300     0.3640     5.4600 
   22.9800     0.4000     6.0000 
   24.6500     0.4320     6.4800 
   26.4800     0.4660     6.9900 
   28.0400     0.4970     7.4550 
   29.7800     0.5300     7.9500 
   31.6700     0.5640     8.4600 
   33.5500     0.5990     8.9850 
   35.1700     0.6330     9.4950 
   36.7100     0.6640     9.9600 
   38.7200     0.7030    10.5450 
   40.5300     0.7380    11.0700 
   42.3500     0.7740    11.6100 
   44.0900     0.8090    12.1350 
   45.4600     0.8380    12.5700 
   47.1300     0.8740    13.1100 
   48.6100     0.9060    13.5900 
   50.4200     0.9400    14.1000 
   52.2000     0.9760    14.6400 
   54.0300     1.0130    15.1950 
   55.7000     1.0480    15.7200 
   57.2400     1.0820    16.2300 
   58.7700     1.1140    16.7100 
   60.4200     1.1500    17.2500 
   61.7200     1.1800    17.7000 
   63.4200     1.2150    18.2250 
   65.0100     1.2490    18.7350 
   66.4500     1.2820    19.2300 
   68.0700     1.3170    19.7550 
   69.7300     1.3520    20.2800 
   71.5200     1.3880    20.8200 
   73.0400     1.4230    21.3450 
   74.4600     1.4560    21.8400 
   75.9600     1.4890    22.3350 
   77.4900     1.5230    22.8450 
   79.0500     1.5580    23.3700 
   80.4800     1.5900    23.8500 
   82.0000     1.6250    24.3750 
   83.4100     1.6580    24.8700 
   85.4200     1.6980    25.4700 
   87.0800     1.7330    25.9950 
   88.4600     1.7670    26.5050 
   89.8500     1.7990    26.9850 
   91.0500     1.8300    27.4500 
   92.7700     1.8660    27.9900 
   94.3300     1.9010    28.5150 
   95.6100     1.9340    29.0100 
   96.8500     1.9660    29.4900 
   98.4900     2.0000    30.0000 
  100.2500     2.0390    30.5850 
  101.7800     2.0750    31.1250 
  103.1800     2.1100    31.6500 
  104.4300     2.1410    32.1150 
  105.6800     2.1730    32.5950 
  106.9800     2.2040    33.0600 
  108.6300     2.2400    33.6000 
  110.3300     2.2770    34.1550 
  111.8400     2.3140    34.7100 
  113.1200     2.3460    35.1900 
  114.5600     2.3810    35.7150 
  116.0300     2.4150    36.2250 
  117.4400     2.4500    36.7500 
  118.8200     2.4830    37.2450 
  119.9300     2.5120    37.6800 
  121.4500     2.5490    38.2350 
  122.7700     2.5820    38.7300 
  124.1800     2.6160    39.2400 
  125.6700     2.6510    39.7650 
  126.9700     2.6850    40.2750 
  128.5600     2.7220    40.8300 
  129.9000     2.7560    41.3400 
  131.3100     2.7900    41.8500 
  132.8900     2.8270    42.4050 
  133.8700     2.8570    42.8550 
  135.3600     2.8910    43.3650 
  136.6400     2.9260    43.8900 
  137.8900     2.9590    44.3850 
  139.2400     2.9920    44.8800 
  140.9400     3.0320    45.4800 
  142.2900     3.0660    45.9900 
  143.6700     3.1010    46.5150 
  144.8500     3.1330    46.9950 
  146.1000     3.1650    47.4750 
  147.4600     3.2000    48.0000 
  148.9200     3.2350    48.5250 
  150.0700     3.2660    48.9900 
  151.4700     3.3010    49.5150 
  152.8100     3.3360    50.0400 
  154.2300     3.3720    50.5800 
  155.5200     3.4070    51.1050 
  156.8800     3.4400    51.6000 
  158.0700     3.4740    52.1100 
  159.2400     3.5060    52.5900 
  160.6500     3.5400    53.1000 
  162.1500     3.5770    53.6550 
  163.1800     3.6090    54.1350 
  164.4800     3.6420    54.6300 
  165.8800     3.6770    55.1550 
  167.5000     3.7150    55.7250 
  168.8400     3.7520    56.2800 
  169.9500     3.7840    56.7600 
  171.2300     3.8180    57.2700 
  172.3000     3.8490    57.7350 
  173.5600     3.8830    58.2450 
  174.8800     3.9180    58.7700 
  176.2400     3.9530    59.2950 
  177.4100     3.9870    59.8050 
  178.5000     4.0190    60.2850 
  179.9600     4.0560    60.8400 
  181.2600     4.0900    61.3500 
  182.6900     4.1270    61.9050 
  183.9400     4.1610    62.4150 
  184.8900     4.1900    62.8500 
  186.0300     4.2240    63.3600 
  187.1300     4.2570    63.8550 
  188.6100     4.2930    64.3950 
  189.9700     4.3290    64.9350 
  191.3400     4.3650    65.4750 
  192.5800     4.4000    66.0000 
  193.6600     4.4330    66.4950 
  194.9100     4.4670    67.0050 
  196.1400     4.5010    67.5150 
  197.0000     4.5310    67.9650 
  198.3300     4.5660    68.4900 
  199.6000     4.6010    69.0150 
  200.7100     4.6340    69.5100 
  201.9100     4.6680    70.0200 
  203.2500     4.7030    70.5450 
  204.6300     4.7410    71.1150 
  205.7900     4.7750    71.6250 
  206.8500     4.8080    72.1200 
  208.1100     4.8420    72.6300 
  209.2800     4.8760    73.1400 
  210.5400     4.9130    73.6950 
  211.5200     4.9430    74.1450 
  212.7300     4.9780    74.6700 
  213.7400     5.0110    75.1650 
  215.4400     5.0510    75.7650 
  216.6200     5.0860    76.2900 
  217.6400     5.1180    76.7700 
  218.6800     5.1500    77.2500 
  219.6000     5.1800    77.7000 
  220.9800     5.2170    78.2550 
  222.2400     5.2530    78.7950 
  223.2900     5.2870    79.3050 
  224.2700     5.3180    79.7700 
  225.5600     5.3530    80.2950 
  226.9300     5.3910    80.8650 
  228.0800     5.4260    81.3900 
  229.0500     5.4590    81.8850 
  230.2300     5.4930    82.3950 
  231.2100     5.5250    82.8750 
  232.1600     5.5560    83.3400 
  233.4600     5.5930    83.8950 
  234.6500     5.6280    84.4200 
  235.7400     5.6610    84.9150 
  236.8100     5.6940    85.4100 
  238.1100     5.7310    85.9650 
  239.3800     5.7680    86.5200 
  240.6100     5.8040    87.0600 
  241.6600     5.8370    87.5550 
  242.3900     5.8660    87.9900 
  243.6000     5.9020    88.5300 
  244.6500     5.9350    89.0250 
  245.8800     5.9700    89.5500 
  247.0600     6.0050    90.0750 
  248.1100     6.0400    90.6000 
  249.2700     6.0750    91.1250 
  250.2200     6.1080    91.6200 
  251.4000     6.1420    92.1300 
  252.6100     6.1780    92.6700 
  253.2600     6.2070    93.1050 
  254.5800     6.2430    93.6450 
  255.6100     6.2770    94.1550 
  256.5200     6.3090    94.6350 
  257.7100     6.3440    95.1600 
  259.0800     6.3830    95.7450 
  260.2500     6.4180    96.2700 
  261.3600     6.4530    96.7950 
  262.1800     6.4850    97.2750 
  263.2100     6.5170    97.7550 
  264.2700     6.5510    98.2650 
  265.4000     6.5860    98.7900 
  266.3200     6.6180    99.2700 
  267.3000     6.6520    99.7800 
  268.3800     6.6870   100.3050 
  269.5900     6.7230   100.8450 
  270.6800     6.7590   101.3850 
  271.7600     6.7930   101.8950 
  272.7100     6.8270   102.4050 
  273.6800     6.8590   102.8850 
  274.8500     6.8940   103.4100 
  276.1100     6.9310   103.9650 
  277.0200     6.9650   104.4750 
  278.0400     6.9980   104.9700 
  279.0800     7.0320   105.4800 
  280.2800     7.0690   106.0350 
  281.3200     7.1040   106.5600 
  282.2000     7.1360   107.0400 
  283.2000     7.1700   107.5500 
  284.0900     7.2020   108.0300 
  285.0100     7.2340   108.5100 
  286.1100     7.2690   109.0350 
  287.2400     7.3050   109.5750 
  288.1500     7.3380   110.0700 
  289.0000     7.3710   110.5650 
  290.1900     7.4060   111.0900 
  291.3300     7.4420   111.6300 
  292.4300     7.4780   112.1700 
  293.3000     7.5120   112.6800 
  294.1200     7.5420   113.1300 
  295.0400     7.5760   113.6400 
  296.0200     7.6090   114.1350 
  297.2100     7.6450   114.6750 
  298.3000     7.6810   115.2150 
  299.2000     7.7150   115.7250 
  300.2900     7.7510   116.2650 
  301.2800     7.7860   116.7900 
  302.2500     7.8190   117.2850 
  303.2000     7.8540   117.8100 
  303.9700     7.8840   118.2600 
  305.1000     7.9200   118.8000 
  306.0300     7.9540   119.3100 
  306.8700     7.9860   119.7900 
  307.9500     8.0220   120.3300 
  309.0800     8.0570   120.8550 
  310.0900     8.0940   121.4100 
  310.9000     8.1260   121.8900 
  311.7500     8.1590   122.3850 
  312.9100     8.1950   122.9250 
  313.8700     8.2290   123.4350 
  314.6900     8.2630   123.9450 
  315.6900     8.2950   124.4250 
  316.5800     8.3290   124.9350 
  317.3900     8.3620   125.4300 
  318.8000     8.4020   126.0300 
  319.7700     8.4370   126.5550 
  320.7400     8.4700   127.0500 
  321.6800     8.5040   127.5600 
  322.3300     8.5340   128.0100 
  323.4700     8.5690   128.5350 
  324.4800     8.6050   129.0750 
  325.1900     8.6360   129.5400 
  326.1500     8.6690   130.0350 
  327.2500     8.7050   130.5750 
  328.4100     8.7440   131.1600 
  329.3600     8.7790   131.6850 
  330.2000     8.8130   132.1950 
  331.1600     8.8460   132.6900 
  331.9600     8.8790   133.1850 
  332.7800     8.9100   133.6500 
  333.9200     8.9460   134.1900 
  335.0100     8.9830   134.7450 
  335.9000     9.0170   135.2550 
  336.6300     9.0490   135.7350 
  337.6800     9.0840   136.2600 
  338.7900     9.1200   136.8000 
  339.7000     9.1550   137.3250 
  340.5600     9.1880   137.8200 
  341.2400     9.2180   138.2700 
  342.1200     9.2530   138.7950 
  343.1200     9.2860   139.2900 
  344.1600     9.3220   139.8300 
  345.1300     9.3570   140.3550 
  345.9400     9.3900   140.8500 
  346.9900     9.4260   141.3900 
  347.8100     9.4580   141.8700 
  348.8900     9.4950   142.4250 
  349.9000     9.5310   142.9650 
  350.4300     9.5580   143.3700 
  351.5300     9.5950   143.9250 
  352.3700     9.6290   144.4350 
  353.1700     9.6600   144.9000 
  354.2900     9.6970   145.4550 
  355.3800     9.7330   145.9950 
  356.4300     9.7690   146.5350 
  357.3900     9.8060   147.0900 
  358.1000     9.8370   147.5550 
  359.0700     9.8710   148.0650 
  359.9800     9.9050   148.5750 
  360.8900     9.9390   149.0850 
  361.6500     9.9700   149.5500 
  361.6600     9.9900   149.8500 
  360.6200     9.9890   149.8650 
  359.7700     9.9860   149.9100 
  358.6800     9.9770   150.0450 
  355.3000     9.9320   150.7200 
  352.0200     9.8850   151.4250 
  349.3400     9.8430   152.0550 
  346.8100     9.8010   152.6850 
  344.5000     9.7610   153.2850 
  342.3500     9.7230   153.8550 
  340.4800     9.6900   154.3500 
  338.8500     9.6580   154.8300 
  337.1400     9.6270   155.2950 
  335.3300     9.5930   155.8050 
  333.5800     9.5590   156.3150 
  331.5700     9.5230   156.8550 
  329.7300     9.4860   157.4100 
  327.9700     9.4500   157.9500 
  326.2300     9.4160   158.4600 
  324.6200     9.3820   158.9700 
  323.0800     9.3490   159.4650 
  321.4300     9.3150   159.9750 
  319.8100     9.2810   160.4850 
  318.2100     9.2470   160.9950 
  316.6900     9.2150   161.4750 
  315.1000     9.1800   162.0000 
  313.5200     9.1460   162.5100 
  311.8700     9.1100   163.0500 
  310.1700     9.0730   163.6050 
  308.7400     9.0410   164.0850 
  307.2200     9.0070   164.5950 
  305.7200     8.9730   165.1050 
  304.1900     8.9390   165.6150 
  302.7800     8.9060   166.1100 
  301.5400     8.8760   166.5600 
  299.9400     8.8410   167.0850 
  298.4300     8.8060   167.6100 
  296.8700     8.7700   168.1500 
  295.2000     8.7330   168.7050 
  293.8100     8.6990   169.2150 
  292.3000     8.6640   169.7400 
  290.9300     8.6290   170.2650 
  289.5600     8.5970   170.7450 
  288.1400     8.5630   171.2550 
  286.9000     8.5320   171.7200 
  285.3500     8.4970   172.2450 
  283.7400     8.4600   172.8000 
  282.1900     8.4240   173.3400 
  280.6400     8.3880   173.8800 
  279.5000     8.3560   174.3600 
  278.2800     8.3240   174.8400 
  276.8600     8.2900   175.3500 
  275.5400     8.2580   175.8300 
  274.0500     8.2230   176.3550 
  272.6000     8.1860   176.9100 
  271.2400     8.1520   177.4200 
  269.9000     8.1180   177.9300 
  268.6800     8.0850   178.4250 
  267.2600     8.0500   178.9500 
  265.9400     8.0160   179.4600 
  264.4500     7.9800   180.0000 
  263.1300     7.9460   180.5100 
  261.8200     7.9130   181.0050 
  260.6100     7.8800   181.5000 
  259.2500     7.8470   181.9950 
  258.0500     7.8140   182.4900 
  256.6900     7.7790   183.0150 
  255.1700     7.7420   183.5700 
  253.6800     7.7060   184.1100 
  252.2500     7.6710   184.6350 
  251.0300     7.6380   185.1300 
  249.8100     7.6050   185.6250 
  248.6800     7.5740   186.0900 
  247.3100     7.5400   186.6000 
  245.9200     7.5040   187.1400 
  244.5200     7.4690   187.6650 
  243.0100     7.4320   188.2200 
  241.6000     7.3960   188.7600 
  240.4100     7.3640   189.2400 
  239.1800     7.3290   189.7650 
  238.0400     7.2980   190.2300 
  236.7000     7.2640   190.7400 
  235.3500     7.2290   191.2650 
  234.1700     7.1970   191.7450 
  232.7400     7.1610   192.2850 
  231.4000     7.1260   192.8100 
  229.9700     7.0900   193.3500 
  228.6300     7.0550   193.8750 
  227.5700     7.0250   194.3250 
  226.1600     6.9880   194.8800 
  224.9500     6.9560   195.3600 
  223.6000     6.9220   195.8700 
  222.3000     6.8870   196.3950 
  221.1900     6.8550   196.8750 
  219.8600     6.8210   197.3850 
  218.4700     6.7860   197.9100 
  217.2100     6.7510   198.4350 
  215.8000     6.7140   198.9900 
  214.6100     6.6820   199.4700 
  213.2400     6.6470   199.9950 
  211.9600     6.6130   200.5050 
  210.6600     6.5780   201.0300 
  209.5000     6.5460   201.5100 
  208.2700     6.5130   202.0050 
  207.1000     6.4800   202.5000 
  205.6400     6.4440   203.0400 
  204.2200     6.4080   203.5800 
  202.8200     6.3720   204.1200 
  201.5100     6.3380   204.6300 
  200.3300     6.3040   205.1400 
  199.2800     6.2730   205.6050 
  197.9500     6.2390   206.1150 
  196.7600     6.2070   206.5950 
  195.2200     6.1700   207.1500 
  193.8200     6.1330   207.7050 
  192.5100     6.0970   208.2450 
  191.2500     6.0630   208.7550 
  190.1300     6.0310   209.2350 
  188.9700     5.9980   209.7300 
  187.7000     5.9630   210.2550 
  186.3200     5.9290   210.7650 
  185.0500     5.8950   211.2750 
  183.7900     5.8620   211.7700 
  182.4500     5.8260   212.3100 
  181.4000     5.7930   212.8050 
  180.6200     5.7590   213.3150 
  178.6600     5.7230   213.8550 
  177.3200     5.6890   214.3650 
  175.9800     5.6540   214.8900 
  174.7300     5.6200   215.4000 
  173.3700     5.5850   215.9250 
  172.3000     5.5520   216.4200 
  171.7600     5.5230   216.8550 
  169.8500     5.4860   217.4100 
  168.4300     5.4500   217.9500 
  167.1500     5.4160   218.4600 
  165.7000     5.3790   219.0150 
  164.5900     5.3460   219.5100 
  163.6200     5.3120   220.0200 
  163.0500     5.2790   220.5150 
  161.4700     5.2460   221.0100 
  159.4300     5.2110   221.5350 
  158.3900     5.1800   222.0000 
  157.0600     5.1440   222.5400 
  156.4300     5.1080   223.0800 
  155.0400     5.0720   223.6200 
  153.6800     5.0370   224.1450 
  152.6300     5.0050   224.6250 
  150.3500     4.9720   225.1200 
  149.8700     4.9370   225.6450 
  148.7700     4.9040   226.1400 
  147.5100     4.8700   226.6500 
  146.2800     4.8350   227.1750 
  144.9600     4.8020   227.6700 
  143.6300     4.7670   228.1950 
  142.3300     4.7330   228.7050 
  140.9200     4.6970   229.2450 
  139.8100     4.6640   229.7400 
  138.4400     4.6290   230.2650 
  137.2000     4.5950   230.7750 
  135.8600     4.5610   231.2850 
  134.7200     4.5270   231.7950 
  133.3000     4.4920   232.3200 
  132.1700     4.4600   232.8000 
  130.9000     4.4260   233.3100 
  129.5500     4.3910   233.8350 
  128.2000     4.3560   234.3600 
  126.7800     4.3200   234.9000 
  125.3400     4.2850   235.4250 
  124.1900     4.2520   235.9200 
  123.2000     4.2220   236.3700 
  122.0100     4.1890   236.8650 
  120.5300     4.1530   237.4050 
  119.0700     4.1170   237.9450 
  117.6300     4.0800   238.5000 
  116.3400     4.0450   239.0250 
  115.0400     4.0110   239.5350 
  113.8300     3.9780   240.0300 
  112.7000     3.9460   240.5100 
  111.5000     3.9110   241.0350 
  110.2200     3.8770   241.5450 
  108.9000     3.8440   242.0400 
  107.3800     3.8080   242.5800 
  106.1900     3.7740   243.0900 
  104.9400     3.7400   243.6000 
  103.5300     3.7040   244.1400 
  102.3400     3.6720   244.6200 
  100.9500     3.6360   245.1600 
   99.8000     3.6030   245.6550 
   98.4200     3.5680   246.1800 
   97.0400     3.5330   246.7050 
   96.0000     3.5020   247.1700 
   94.7100     3.4680   247.6800 
   93.3400     3.4330   248.2050 
   92.0100     3.3970   248.7450 
   90.5600     3.3610   249.2850 
   89.5100     3.3300   249.7500 
   88.2300     3.2960   250.2600 
   86.8800     3.2620   250.7700 
   85.5500     3.2270   251.2950 
   84.3000     3.1940   251.7900 
   83.1200     3.1610   252.2850 
   81.8900     3.1280   252.7800 
   80.2700     3.0910   253.3350 
   78.9300     3.0550   253.8750 
   77.5800     3.0210   254.3850 
   76.3500     2.9870   254.8950 
   75.0400     2.9520   255.4200 
   73.8100     2.9200   255.9000 
   72.4400     2.8850   256.4250 
   71.3700     2.8540   256.8900 
   69.8000     2.8180   257.4300 
   68.4200     2.7810   257.9850 
   67.1700     2.7480   258.4800 
   65.9300     2.7130   259.0050 
   64.6300     2.6780   259.5300 
   63.2700     2.6450   260.0250 
   61.9600     2.6100   260.5500 
   60.7100     2.5780   261.0300 
   59.5600     2.5440   261.5400 
   58.1300     2.5090   262.0650 
   56.6700     2.4730   262.6050 
   55.3800     2.4400   263.1000 
   54.1100     2.4060   263.6100 
   52.8400     2.3720   264.1200 
   51.5600     2.3380   264.6300 
   50.1100     2.3030   265.1550 
   48.8600     2.2690   265.6650 
   47.4200     2.2330   266.2050 
   46.2200     2.2010   266.6850 
   45.1000     2.1700   267.1500 
   43.6500     2.1340   267.6900 
   42.4000     2.0990   268.2150 
   40.9600     2.0650   268.7250 
   39.4000     2.0280   269.2800 
   38.2800     1.9950   269.7750 
   36.8200     1.9600   270.3000 
   35.6800     1.9270   270.7950 
   34.2700     1.8930   271.3050 
   33.0600     1.8590   271.8150 
   31.9600     1.8280   272.2800 
   30.4000     1.7920   272.8200 
   28.8300     1.7550   273.3750 
   27.4800     1.7200   273.9000 
   26.2100     1.6850   274.4250 
   25.3000     1.6560   274.8600 
   23.7200     1.6200   275.4000 
   22.3100     1.5850   275.9250 
   21.0100     1.5500   276.4500 
   19.6600     1.5170   276.9450 
   18.2500     1.4810   277.4850 
   17.0100     1.4480   277.9800 
   15.7800     1.4150   278.4750 
   14.4400     1.3800   279.0000 
   12.9800     1.3430   279.5550 
   11.7800     1.3120   280.0200 
   10.4200     1.2770   280.5450 
    9.2400     1.2450   281.0250 
    7.8700     1.2090   281.5650 
    6.7600     1.1780   282.0300 
    5.1700     1.1410   282.5850 
    3.8900     1.1070   283.0950 
    2.5700     1.0730   283.6050 
    1.2300     1.0390   284.1150 
   -0.0500     1.0050   284.6250 
   -1.5500     0.9700   285.1500 
   -3.0100     0.9340   285.6900 
   -4.1900     0.9000   286.2000 
   -5.3800     0.8690   286.6650 
   -6.6600     0.8350   287.1750 
   -8.0600     0.8010   287.6850 
   -9.5300     0.7650   288.2250 
  -10.9500     0.7290   288.7650 
  -12.2800     0.6940   289.2900 
  -13.7200     0.6590   289.8150 
  -15.0900     0.6240   290.3400 
  -16.2800     0.5920   290.8200 
  -17.5000     0.5590   291.3150 
  -18.7000     0.5270   291.7950 
  -20.1300     0.4920   292.3200 
  -21.6900     0.4550   292.8750 
  -23.0300     0.4200   293.4000 
  -24.3600     0.3860   293.9100 
  -25.7600     0.3510   294.4350 
  -26.8100     0.3200   294.9000 
  -28.2800     0.2840   295.4400 
  -29.3600     0.2530   295.9050 
  -30.9800     0.2170   296.4450 
  -32.3400     0.1820   296.9700 
  -33.3600     0.1500   297.4500 
  -34.7600     0.1160   297.9600 
  -36.1500     0.0810   298.4850 
  -37.4200     0.0470   298.9950 
  -38.9000     0.0100   299.5500 
  -40.0100    -0.0210   300.0150 
  -41.4000    -0.0570   300.5550 
  -42.8900    -0.0910   301.0650 
  -44.1400    -0.1260   301.5900 
  -45.4100    -0.1590   302.0850 
  -46.4700    -0.1900   302.5500 
  -47.8900    -0.2240   303.0600 
  -49.4800    -0.2610   303.6150 
  -50.8400    -0.2970   304.1550 
  -52.2000    -0.3310   304.6650 
  -53.4700    -0.3650   305.1750 
  -54.7700    -0.4000   305.7000 
  -56.0000    -0.4320   306.1800 
  -57.4300    -0.4680   306.7200 
  -58.5700    -0.5000   307.2000 
  -60.1800    -0.5360   307.7400 
  -61.4800    -0.5720   308.2800 
  -62.6900    -0.6060   308.7900 
  -63.8800    -0.6390   309.2850 
  -65.3200    -0.6740   309.8100 
  -66.6200    -0.7070   310.3050 
  -67.9100    -0.7420   310.8300 
  -69.0100    -0.7750   311.3250 
  -70.2400    -0.8070   311.8050 
  -71.6400    -0.8420   312.3300 
  -73.0700    -0.8780   312.8700 
  -74.3300    -0.9110   313.3650 
  -75.6100    -0.9460   313.8900 
  -77.0500    -0.9810   314.4150 
  -78.2800    -1.0140   314.9100 
  -79.6500    -1.0500   315.4500 
  -80.8800    -1.0830   315.9450 
  -82.3700    -1.1190   316.4850 
  -83.4900    -1.1510   316.9650 
  -84.5800    -1.1820   317.4300 
  -86.0200    -1.2190   317.9850 
  -87.3200    -1.2520   318.4800 
  -88.7200    -1.2870   319.0050 
  -90.0500    -1.3230   319.5450 
  -91.2000    -1.3550   320.0250 
  -92.7500    -1.3930   320.5950 
  -93.9000    -1.4260   321.0900 
  -95.2200    -1.4600   321.6000 
  -96.3000    -1.4940   322.1100 
  -97.3600    -1.5240   322.5600 
  -98.9100    -1.5610   323.1150 
 -100.4000    -1.5980   323.6700 
 -101.6600    -1.6330   324.1950 
 -103.0000    -1.6680   324.7200 
 -103.8800    -1.6970   325.1550 
 -105.3300    -1.7320   325.6800 
 -106.5400    -1.7670   326.2050 
 -107.7800    -1.8000   326.7000 
 -109.1600    -1.8350   327.2250 
 -110.4300    -1.8700   327.7500 
 -111.6400    -1.9050   328.2750 
 -112.8600    -1.9370   328.7550 
 -114.0800    -1.9710   329.2650 
 -115.4400    -2.0080   329.8200 
 -116.4500    -2.0390   330.2850 
 -117.8400    -2.0740   330.8100 
 -119.1300    -2.1090   331.3350 
 -120.4500    -2.1440   331.8600 
 -121.3800    -2.1750   332.3250 
 -122.7800    -2.2100   332.8500 
 -123.9000    -2.2440   333.3600 
 -125.1500    -2.2770   333.8550 
 -126.4900    -2.3130   334.3950 
 -127.7600    -2.3470   334.9050 
 -129.2000    -2.3830   335.4450 
 -130.4600    -2.4190   335.9850 
 -131.4400    -2.4520   336.4800 
 -132.6600    -2.4840   336.9600 
 -133.8300    -2.5180   337.4700 
 -135.1800    -2.5540   338.0100 
 -136.4400    -2.5890   338.5350 
 -137.7300    -2.6250   339.0750 
 -138.9700    -2.6590   339.5850 
 -140.1500    -2.6930   340.0950 
 -141.2500    -2.7270   340.6050 
 -142.4200    -2.7590   341.0850 
 -143.5800    -2.7930   341.5950 
 -144.6800    -2.8260   342.0900 
 -145.9100    -2.8590   342.5850 
 -147.3300    -2.8970   343.1550 
 -148.4500    -2.9300   343.6500 
 -149.7100    -2.9640   344.1600 
 -151.0600    -3.0010   344.7150 
 -152.1100    -3.0330   345.1950 
 -153.2600    -3.0680   345.7200 
 -154.3800    -3.1000   346.2000 
 -155.7200    -3.1360   346.7400 
 -156.8600    -3.1710   347.2650 
 -157.7000    -3.2000   347.7000 
 -159.0600    -3.2360   348.2400 
 -160.3200    -3.2720   348.7800 
 -161.3600    -3.3050   349.2750 
 -162.6800    -3.3410   349.8150 
 -163.5900    -3.3720   350.2800 
 -164.9900    -3.4080   350.8200 
 -166.2800    -3.4450   351.3750 
 -167.3300    -3.4790   351.8850 
 -168.4200    -3.5120   352.3800 
 -169.3900    -3.5430   352.8450 
 -170.5900    -3.5770   353.3550 
 -171.9000    -3.6140   353.9100 
 -173.1500    -3.6490   354.4350 
 -174.4400    -3.6850   354.9750 
 -175.4700    -3.7180   355.4700 
 -176.4500    -3.7510   355.9650 
 -177.6500    -3.7840   356.4600 
 -178.7100    -3.8180   356.9700 
 -179.8200    -3.8510   357.4650 
 -181.2200    -3.8890   358.0350 
 -182.3100    -3.9240   358.5600 
 -183.3100    -3.9570   359.0550 
 -184.3400    -3.9890   359.5350 
 -185.6400    -4.0240   360.0600 
 -186.6300    -4.0580   360.5700 
 -187.7300    -4.0920   361.0800 
 -188.8200    -4.1250   361.5750 
 -190.0700    -4.1600   362.1000 
 -191.1900    -4.1950   362.6250 
 -192.3300    -4.2300   363.1500 
 -193.5400    -4.2640   363.6600 
 -194.4100    -4.2960   364.1400 
 -195.7200    -4.3320   364.6800 
 -196.7900    -4.3660   365.1900 
 -198.0300    -4.4020   365.7300 
 -199.1900    -4.4350   366.2250 
 -200.4400    -4.4710   366.7650 
 -201.2700    -4.5030   367.2450 
 -202.2600    -4.5350   367.7250 
 -203.5500    -4.5720   368.2800 
 -204.6900    -4.6070   368.8050 
 -205.8400    -4.6410   369.3150 
 -206.9900    -4.6770   369.8550 
 -207.9100    -4.7080   370.3200 
 -209.1600    -4.7450   370.8750 
 -210.0700    -4.7770   371.3550 
 -211.2600    -4.8120   371.8800 
 -212.3000    -4.8460   372.3900 
 -213.1800    -4.8760   372.8400 
 -214.4600    -4.9130   373.3950 
 -215.7200    -4.9490   373.9350 
 -216.7500    -4.9830   374.4450 
 -217.9600    -5.0190   374.9850 
 -218.7400    -5.0490   375.4350 
 -220.0400    -5.0850   375.9750 
 -221.1600    -5.1210   376.5150 
 -222.1200    -5.1530   376.9950 
 -223.2600    -5.1870   377.5050 
 -224.2000    -5.2200   378.0000 
 -225.3400    -5.2540   378.5100 
 -226.4900    -5.2890   379.0350 
 -227.5400    -5.3240   379.5600 
 -228.7300    -5.3610   380.1150 
 -229.4800    -5.3900   380.5500 
 -230.6400    -5.4250   381.0750 
 -231.7600    -5.4600   381.6000 
 -233.0000    -5.4970   382.1550 
 -233.8900    -5.5280   382.6200 
 -235.1100    -5.5650   383.1750 
 -235.9600    -5.5970   383.6550 
 -236.9800    -5.6300   384.1500 
 -238.1200    -5.6650   384.6750 
 -239.3100    -5.7000   385.2000 
 -240.4500    -5.7360   385.7400 
 -241.4300    -5.7710   386.2650 
 -242.2100    -5.8010   386.7150 
 -243.4500    -5.8360   387.2400 
 -244.3400    -5.8690   387.7350 
 -245.5100    -5.9050   388.2750 
 -246.6700    -5.9410   388.8150 
 -247.8100    -5.9770   389.3550 
 -248.8100    -6.0110   389.8650 
 -249.7000    -6.0440   390.3600 
 -250.6100    -6.0760   390.8400 
 -251.7000    -6.1110   391.3650 
 -252.7600    -6.1460   391.8900 
 -253.6700    -6.1780   392.3700 
 -254.6900    -6.2120   392.8800 
 -255.8400    -6.2490   393.4350 
 -256.8400    -6.2820   393.9300 
 -257.9100    -6.3160   394.4400 
 -258.9800    -6.3520   394.9800 
 -259.8600    -6.3850   395.4750 
 -261.0500    -6.4200   396.0000 
 -261.9900    -6.4540   396.5100 
 -263.0700    -6.4880   397.0200 
 -264.0000    -6.5220   397.5300 
 -264.7600    -6.5520   397.9800 
 -266.0600    -6.5900   398.5500 
 -267.1200    -6.6260   399.0900 
 -267.9400    -6.6590   399.5850 
 -269.0000    -6.6940   400.1100 
 -269.8100    -6.7250   400.5750 
 -270.9900    -6.7610   401.1150 
 -271.9900    -6.7960   401.6400 
 -272.9100    -6.8290   402.1350 
 -273.9600    -6.8630   402.6450 
 -274.7300    -6.8950   403.1250 
 -275.7700    -6.9290   403.6350 
 -276.9500    -6.9660   404.1900 
 -278.0200    -7.0010   404.7150 
 -279.0800    -7.0370   405.2550 
 -279.8600    -7.0690   405.7350 
 -280.8100    -7.1030   406.2450 
 -281.9300    -7.1380   406.7700 
 -282.8400    -7.1720   407.2800 
 -283.7500    -7.2030   407.7450 
 -284.8600    -7.2400   408.3000 
 -285.7800    -7.2740   408.8100 
 -286.7000    -7.3080   409.3200 
 -287.6000    -7.3410   409.8150 
 -288.7600    -7.3770   410.3550 
 -289.6300    -7.4110   410.8650 
 -290.5100    -7.4440   411.3600 
 -291.4500    -7.4770   411.8550 
 -292.5300    -7.5130   412.3950 
 -293.5300    -7.5480   412.9200 
 -294.5600    -7.5830   413.4450 
 -295.4500    -7.6160   413.9400 
 -296.3200    -7.6500   414.4500 
 -297.3000    -7.6850   414.9750 
 -298.2200    -7.7190   415.4850 
 -299.2600    -7.7530   415.9950 
 -300.3200    -7.7870   416.5050 
 -301.2500    -7.8220   417.0300 
 -301.9600    -7.8530   417.4950 
 -302.9200    -7.8870   418.0050 
 -303.8900    -7.9230   418.5450 
 -304.9200    -7.9580   419.0700 
 -305.9900    -7.9930   419.5950 
 -306.9500    -8.0280   420.1200 
 -307.7500    -8.0600   420.6000 
 -308.7700    -8.0960   421.1400 
 -309.6600    -8.1280   421.6200 
 -310.7000    -8.1640   422.1600 
 -311.4500    -8.1970   422.6550 
 -312.3100    -8.2290   423.1350 
 -313.5300    -8.2660   423.6900 
 -314.5500    -8.3020   424.2300 
 -315.3000    -8.3350   424.7250 
 -316.3700    -8.3700   425.2500 
 -317.2500    -8.4010   425.7150 
 -318.4400    -8.4380   426.2700 
 -319.3000    -8.4740   426.8100 
 -320.0800    -8.5050   427.2750 
 -321.1300    -8.5400   427.8000 
 -321.9400    -8.5720   428.2800 
 -322.8900    -8.6070   428.8050 
 -323.8600    -8.6420   429.3300 
 -324.8000    -8.6770   429.8550 
 -325.9500    -8.7140   430.4100 
 -326.5100    -8.7430   430.8450 
 -327.4300    -8.7770   431.3550 
 -328.3900    -8.8110   431.8650 
 -329.4200    -8.8480   432.4200 
 -330.3000    -8.8800   432.9000 
 -331.3500    -8.9170   433.4550 
 -332.0400    -8.9490   433.9350 
 -332.9700    -8.9820   434.4300 
 -334.0600    -9.0180   434.9700 
 -335.0100    -9.0520   435.4800 
 -335.9700    -9.0880   436.0200 
 -336.9400    -9.1230   436.5450 
 -337.7000    -9.1550   437.0250 
 -338.7300    -9.1890   437.5350 
 -339.3400    -9.2200   438.0000 
 -340.4300    -9.2560   438.5400 
 -341.5200    -9.2920   439.0800 
 -342.4900    -9.3280   439.6200 
 -343.3700    -9.3620   440.1300 
 -344.2100    -9.3970   440.6550 
 -345.0900    -9.4290   441.1350 
 -346.0800    -9.4640   441.6600 
 -346.9200    -9.4970   442.1550 
 -347.6900    -9.5300   442.6500 
 -348.6800    -9.5650   443.1750 
 -349.8400    -9.6020   443.7300 
 -350.6900    -9.6360   444.2400 
 -351.5900    -9.6700   444.7500 
 -352.5100    -9.7050   445.2750 
 -353.3300    -9.7370   445.7550 
 -354.3900    -9.7720   446.2800 
 -355.1900    -9.8050   446.7750 
 -356.1500    -9.8400   447.3000 
 -356.8900    -9.8720   447.7800 
 -357.6900    -9.9040   448.2600 
 -358.8700    -9.9410   448.8150 
 -359.7700    -9.9760   449.3400 
 -360.6500   -10.0100   449.8500 
 -360.1500   -10.0200   450.0000 
 -359.2200   -10.0190   450.0150 
 -358.4100   -10.0170   450.0450 
 -356.6200    -9.9990   450.3150 
 -353.0000    -9.9480   451.0800 
 -350.0300    -9.9010   451.7850 
 -347.5300    -9.8600   452.4000 
 -345.3500    -9.8220   452.9700 
 -343.2700    -9.7860   453.5100 
 -341.1900    -9.7500   454.0500 
 -338.8900    -9.7090   454.6650 
 -337.0600    -9.6740   455.1900 
 -335.2400    -9.6380   455.7300 
 -333.4600    -9.6050   456.2250 
 -331.9100    -9.5740   456.6900 
 -330.1300    -9.5400   457.2000 
 -328.4200    -9.5050   457.7250 
 -326.8800    -9.4730   458.2050 
 -325.1100    -9.4390   458.7150 
 -323.3400    -9.4030   459.2550 
 -321.7100    -9.3670   459.7950 
 -320.2900    -9.3300   460.3500 
 -318.8800    -9.2970   460.8450 
 -316.6500    -9.2630   461.3550 
 -315.3900    -9.2320   461.8200 
 -313.9200    -9.1990   462.3150 
 -312.2500    -9.1630   462.8550 
 -311.1400    -9.1280   463.3800 
 -309.6600    -9.0930   463.9050 
 -308.2100    -9.0600   464.4000 
 -305.8100    -9.0240   464.9400 
 -304.2900    -8.9870   465.4950 
 -303.2300    -8.9550   465.9750 
 -302.3400    -8.9220   466.4700 
 -301.1100    -8.8920   466.9200 
 -299.5800    -8.8570   467.4450 
 -298.0500    -8.8230   467.9550 
 -296.4300    -8.7880   468.4800 
 -294.9900    -8.7530   469.0050 
 -293.6800    -8.7200   469.5000 
 -292.1300    -8.6840   470.0400 
 -290.7400    -8.6500   470.5500 
 -289.1500    -8.6140   471.0900 
 -287.7000    -8.5790   471.6150 
 -286.5700    -8.5480   472.0800 
 -285.0700    -8.5140   472.5900 
 -283.8300    -8.4810   473.0850 
 -282.4200    -8.4490   473.5650 
 -280.8700    -8.4120   474.1200 
 -279.3300    -8.3760   474.6600 
 -277.7900    -8.3390   475.2150 
 -276.3400    -8.3040   475.7400 
 -275.1400    -8.2710   476.2350 
 -273.7700    -8.2380   476.7300 
 -272.6400    -8.2070   477.1950 
 -271.1800    -8.1720   477.7200 
 -269.8300    -8.1390   478.2150 
 -268.4500    -8.1030   478.7550 
 -267.0800    -8.0690   479.2650 
 -265.6200    -8.0320   479.8200 
 -264.2400    -7.9980   480.3300 
 -262.9400    -7.9640   480.8400 
 -261.6100    -7.9300   481.3500 
 -260.4500    -7.8990   481.8150 
 -259.0200    -7.8630   482.3550 
 -257.6300    -7.8280   482.8800 
 -256.4800    -7.7970   483.3450 
 -255.0700    -7.7620   483.8700 
 -253.8100    -7.7270   484.3950 
 -252.2300    -7.6890   484.9650 
 -250.8500    -7.6530   485.5050 
 -249.5900    -7.6200   486.0000 
 -248.4400    -7.5870   486.4950 
 -247.3600    -7.5570   486.9450 
 -246.0000    -7.5230   487.4550 
 -244.5600    -7.4880   487.9800 
 -243.2800    -7.4530   488.5050 
 -242.0700    -7.4190   489.0150 
 -240.7500    -7.3850   489.5250 
 -239.3300    -7.3490   490.0650 
 -238.0100    -7.3140   490.5900 
 -236.6800    -7.2780   491.1300 
 -235.4900    -7.2440   491.6400 
 -234.3700    -7.2130   492.1050 
 -233.1500    -7.1800   492.6000 
 -231.9500    -7.1480   493.0800 
 -230.4900    -7.1110   493.6350 
 -229.0900    -7.0740   494.1900 
 -227.8200    -7.0400   494.7000 
 -226.5100    -7.0050   495.2250 
 -225.2900    -6.9710   495.7350 
 -223.9900    -6.9370   496.2450 
 -222.8000    -6.9040   496.7400 
 -221.7800    -6.8740   497.1900 
 -220.4100    -6.8380   497.7300 
 -219.2300    -6.8050   498.2250 
 -217.9500    -6.7700   498.7500 
 -216.6400    -6.7360   499.2600 
 -215.2800    -6.7000   499.8000 
 -214.0700    -6.6660   500.3100 
 -212.9100    -6.6330   500.8050 
 -211.6200    -6.5980   501.3300 
 -210.2200    -6.5620   501.8700 
 -209.0200    -6.5280   502.3800 
 -207.7400    -6.4940   502.8900 
 -206.4900    -6.4620   503.3700 
 -205.4100    -6.4290   503.8650 
 -204.1900    -6.3960   504.3600 
 -202.5700    -6.3570   504.9450 
 -201.1800    -6.3200   505.5000 
 -199.9100    -6.2860   506.0100 
 -198.6900    -6.2520   506.5200 
 -197.6900    -6.2220   506.9700 
 -196.3200    -6.1870   507.4950 
 -195.0500    -6.1530   508.0050 
 -193.9400    -6.1200   508.5000 
 -192.5900    -6.0850   509.0250 
 -191.1900    -6.0490   509.5650 
 -189.9000    -6.0140   510.0900 
 -188.6800    -5.9790   510.6150 
 -187.5100    -5.9460   511.1100 
 -186.2500    -5.9130   511.6050 
 -185.2300    -5.8820   512.0700 
 -183.8600    -5.8470   512.5950 
 -182.4300    -5.8100   513.1500 
 -181.1600    -5.7760   513.6600 
 -179.9400    -5.7420   514.1700 
 -178.7500    -5.7090   514.6650 
 -177.3100    -5.6730   515.2050 
 -175.9200    -5.6360   515.7600 
 -174.7400    -5.6020   516.2700 
 -173.5100    -5.5690   516.7650 
 -172.4500    -5.5380   517.2300 
 -171.2400    -5.5050   517.7250 
 -170.0000    -5.4710   518.2350 
 -168.6000    -5.4360   518.7600 
 -167.3200    -5.4010   519.2850 
 -166.0500    -5.3660   519.8100 
 -164.7900    -5.3320   520.3200 
 -163.5600    -5.2980   520.8300 
 -162.1100    -5.2620   521.3700 
 -160.8200    -5.2270   521.8950 
 -159.8700    -5.1970   522.3450 
 -158.5300    -5.1610   522.8850 
 -157.4000    -5.1280   523.3800 
 -156.0500    -5.0940   523.8900 
 -154.6900    -5.0590   524.4150 
 -153.3200    -5.0230   524.9550 
 -152.0700    -4.9870   525.4950 
 -150.7100    -4.9520   526.0200 
 -149.6000    -4.9200   526.5000 
 -148.3200    -4.8860   527.0100 
 -147.2900    -4.8550   527.4750 
 -145.9000    -4.8200   528.0000 
 -144.6200    -4.7860   528.5100 
 -143.4400    -4.7520   529.0200 
 -142.1500    -4.7180   529.5300 
 -140.8200    -4.6830   530.0550 
 -139.4100    -4.6470   530.5950 
 -138.2600    -4.6130   531.1050 
 -137.0600    -4.5790   531.6150 
 -135.8600    -4.5460   532.1100 
 -134.3800    -4.5100   532.6500 
 -133.0600    -4.4750   533.1750 
 -132.0700    -4.4450   533.6250 
 -130.7300    -4.4100   534.1500 
 -129.5600    -4.3760   534.6600 
 -128.0400    -4.3390   535.2150 
 -126.6300    -4.3020   535.7700 
 -125.4100    -4.2680   536.2800 
 -124.2300    -4.2350   536.7750 
 -123.2600    -4.2050   537.2250 
 -121.8700    -4.1700   537.7500 
 -120.4900    -4.1350   538.2750 
 -119.3000    -4.1000   538.8000 
 -118.1300    -4.0680   539.2800 
 -116.8200    -4.0340   539.7900 
 -115.3500    -3.9960   540.3600 
 -114.0700    -3.9610   540.8850 
 -112.7600    -3.9260   541.4100 
 -111.6000    -3.8940   541.8900 
 -110.5300    -3.8620   542.3700 
 -109.4000    -3.8300   542.8500 
 -108.0400    -3.7960   543.3600 
 -106.5300    -3.7590   543.9150 
 -105.2700    -3.7230   544.4550 
 -104.1100    -3.6900   544.9500 
 -102.7900    -3.6550   545.4750 
 -101.3600    -3.6200   546.0000 
  -99.9600    -3.5840   546.5400 
  -98.7800    -3.5500   547.0500 
  -97.9400    -3.5220   547.4700 
  -96.5000    -3.4860   548.0100 
  -95.2900    -3.4530   548.5050 
  -93.9600    -3.4180   549.0300 
  -92.5800    -3.3830   549.5550 
  -91.1800    -3.3460   550.1100 
  -89.8200    -3.3100   550.6500 
  -88.8400    -3.2800   551.1000 
  -87.5700    -3.2460   551.6100 
  -86.1100    -3.2090   552.1650 
  -85.0300    -3.1770   552.6450 
  -83.6100    -3.1420   553.1700 
  -82.3500    -3.1080   553.6800 
  -81.2300    -3.0750   554.1750 
  -80.0200    -3.0430   554.6550 
  -78.3700    -3.0040   555.2400 
  -77.1100    -2.9690   555.7650 
  -75.8400    -2.9340   556.2900 
  -74.6500    -2.9010   556.7850 
  -73.5200    -2.8700   557.2500 
  -72.2100    -2.8350   557.7750 
  -70.9200    -2.8010   558.2850 
  -69.8500    -2.7700   558.7500 
  -68.4500    -2.7340   559.2900 
  -67.1400    -2.6990   559.8150 
  -65.6700    -2.6620   560.3700 
  -64.4200    -2.6270   560.8950 
  -63.1900    -2.5940   561.3900 
  -61.8800    -2.5600   561.9000 
  -60.8600    -2.5280   562.3800 
  -59.6300    -2.4950   562.8750 
  -58.1500    -2.4580   563.4300 
  -56.9100    -2.4240   563.9400 
  -55.6500    -2.3900   564.4500 
  -54.3400    -2.3560   564.9600 
  -52.9100    -2.3190   565.5150 
  -51.4900    -2.2830   566.0550 
  -50.3800    -2.2500   566.5500 
  -49.1000    -2.2170   567.0450 
  -48.0800    -2.1870   567.4950 
  -46.8300    -2.1520   568.0200 
  -45.5200    -2.1180   568.5300 
  -44.1300    -2.0830   569.0550 
  -42.8800    -2.0480   569.5800 
  -41.7400    -2.0140   570.0900 
  -40.3500    -1.9790   570.6150 
  -39.0400    -1.9460   571.1100 
  -37.6000    -1.9090   571.6650 
  -36.3500    -1.8740   572.1900 
  -35.3700    -1.8450   572.6250 
  -34.0800    -1.8100   573.1500 
  -32.8900    -1.7780   573.6300 
  -31.4200    -1.7430   574.1550 
  -30.0400    -1.7060   574.7100 
  -28.7400    -1.6710   575.2350 
  -27.3800    -1.6360   575.7600 
  -26.1300    -1.6010   576.2850 
  -24.8600    -1.5680   576.7800 
  -23.4900    -1.5330   577.3050 
  -22.5000    -1.5030   577.7550 
  -21.1000    -1.4670   578.2950 
  -19.8500    -1.4340   578.7900 
  -18.7300    -1.4010   579.2850 
  -17.4600    -1.3670   579.7950 
  -15.9600    -1.3300   580.3500 
  -14.5100    -1.2930   580.9050 
  -13.3500    -1.2590   581.4150 
  -12.2000    -1.2270   581.8950 
  -10.9000    -1.1940   582.3900 
   -9.4900    -1.1590   582.9150 
   -8.1100    -1.1230   583.4550 
   -7.0400    -1.0910   583.9350 
   -5.6200    -1.0560   584.4600 
   -4.3600    -1.0210   584.9850 
   -2.8000    -0.9840   585.5400 
   -1.4700    -0.9500   586.0500 
   -0.2600    -0.9170   586.5450 
    1.0300    -0.8840   587.0400 
    2.0400    -0.8530   587.5050 
    3.5100    -0.8180   588.0300 
    4.9200    -0.7820   588.5700 
    6.1100    -0.7490   589.0650 
    7.3300    -0.7170   589.5450 
    8.7400    -0.6820   590.0700 
   10.2600    -0.6450   590.6250 
   11.6700    -0.6090   591.1650 
   12.9600    -0.5740   591.6900 
   14.2000    -0.5410   592.1850 
   15.2800    -0.5090   592.6650 
   16.3900    -0.4780   593.1300 
   17.8700    -0.4430   593.6550 
   19.3700    -0.4060   594.2100 
   20.6800    -0.3710   594.7350 
   21.8900    -0.3380   595.2300 
   23.3200    -0.3030   595.7550 
   24.7800    -0.2680   596.2800 
   26.1100    -0.2320   596.8200 
   27.3500    -0.1990   597.3150 
   28.4300    -0.1700   597.7500 
   29.9500    -0.1330   598.3050 
   31.0900    -0.1000   598.8000 
   32.3700    -0.0660   599.3100 
   33.8800    -0.0310   599.8350 
   35.2700     0.0050   600.3750 
   36.6300     0.0400   600.9000 
   37.7400     0.0730   601.3950 
   39.1400     0.1070   601.9050 
   40.5900     0.1430   602.4450 
   41.5400     0.1730   602.8950 
   42.9900     0.2080   603.4200 
   44.2100     0.2420   603.9300 
   45.4800     0.2750   604.4250 
   46.8900     0.3090   604.9350 
   48.4000     0.3480   605.5200 
   49.7700     0.3820   606.0300 
   51.1700     0.4180   606.5700 
   52.3500     0.4510   607.0650 
   53.5900     0.4820   607.5300 
   54.9500     0.5170   608.0550 
   56.3000     0.5520   608.5800 
   57.4200     0.5830   609.0450 
   58.7900     0.6180   609.5700 
   60.1300     0.6530   610.0950 
   61.6100     0.6900   610.6500 
   62.9700     0.7250   611.1750 
   64.3000     0.7580   611.6700 
   65.5900     0.7930   612.1950 
   66.5500     0.8230   612.6450 
   68.0200     0.8580   613.1700 
   69.5300     0.8950   613.7250 
   70.7100     0.9280   614.2200 
   72.1200     0.9630   614.7450 
   73.4300     0.9970   615.2550 
   74.8700     1.0330   615.7950 
   76.2100     1.0690   616.3350 
   77.3000     1.1000   616.8000 
   78.6000     1.1350   617.3250 
   79.6200     1.1650   617.7750 
   80.9300     1.1980   618.2700 
   82.3600     1.2330   618.7950 
   83.8100     1.2690   619.3350 
   84.9900     1.3040   619.8600 
   86.0900     1.3350   620.3250 
   87.5800     1.3710   620.8650 
   89.0100     1.4070   621.4050 
   90.4600     1.4440   621.9600 
   91.6900     1.4790   622.4850 
   92.6800     1.5080   622.9200 
   93.8800     1.5420   623.4300 
   95.0400     1.5740   623.9100 
   96.5200     1.6100   624.4500 
   97.9900     1.6460   624.9900 
   99.3800     1.6820   625.5300 
  100.6600     1.7170   626.0550 
  101.8200     1.7510   626.5650 
  103.0600     1.7830   627.0450 
  104.4500     1.8190   627.5850 
  105.4700     1.8500   628.0500 
  106.8100     1.8860   628.5900 
  107.9700     1.9190   629.0850 
  109.0700     1.9510   629.5650 
  110.4100     1.9860   630.0900 
  111.8500     2.0220   630.6300 
  113.1700     2.0580   631.1700 
  114.2800     2.0910   631.6650 
  115.4500     2.1250   632.1750 
  116.7400     2.1580   632.6700 
  118.0200     2.1930   633.1950 
  119.2200     2.2270   633.7050 
  120.4500     2.2590   634.1850 
  121.6900     2.2940   634.7100 
  122.9100     2.3290   635.2350 
  124.4600     2.3670   635.8050 
  125.7300     2.4020   636.3300 
  126.9000     2.4350   636.8250 
  128.1100     2.4690   637.3350 
  129.0200     2.4990   637.7850 
  130.4500     2.5350   638.3250 
  131.7700     2.5710   638.8650 
  132.8200     2.6040   639.3600 
  133.9400     2.6360   639.8400 
  135.3000     2.6710   640.3650 
  136.7300     2.7090   640.9350 
  137.9400     2.7440   641.4600 
  139.0500     2.7780   641.9700 
  140.2300     2.8110   642.4650 
  141.2500     2.8430   642.9450 
  142.3800     2.8750   643.4250 
  143.6700     2.9100   643.9500 
  145.0800     2.9470   644.5050 
  146.3500     2.9830   645.0450 
  147.4100     3.0160   645.5400 
  148.6000     3.0490   646.0350 
  149.9400     3.0850   646.5750 
  151.1000     3.1190   647.0850 
  152.2600     3.1520   647.5800 
  153.2200     3.1820   648.0300 
  154.4200     3.2170   648.5550 
  155.6600     3.2510   649.0650 
  156.8900     3.2860   649.5900 
  158.1800     3.3210   650.1150 
  159.2800     3.3550   650.6250 
  160.5500     3.3910   651.1650 
  161.5900     3.4240   651.6600 
  162.9200     3.4600   652.2000 
  164.2400     3.4960   652.7400 
  165.0800     3.5260   653.1900 
  166.4200     3.5610   653.7150 
  167.4300     3.5950   654.2250 
  168.4200     3.6250   654.6750 
  169.8300     3.6620   655.2300 
  171.2200     3.7000   655.8000 
  172.5100     3.7360   656.3400 
  173.6600     3.7700   656.8500 
  174.4400     3.8000   657.3000 
  175.7800     3.8350   657.8250 
  176.9800     3.8700   658.3500 
  178.1500     3.9050   658.8750 
  179.1000     3.9360   659.3400 
  180.3300     3.9720   659.8800 
  181.4200     4.0050   660.3750 
  182.7500     4.0430   660.9450 
  183.7800     4.0760   661.4400 
  184.9800     4.1100   661.9500 
  186.1500     4.1440   662.4600 
  187.0900     4.1750   662.9250 
  188.3500     4.2100   663.4500 
  189.6100     4.2470   664.0050 
  190.5500     4.2790   664.4850 
  191.7200     4.3130   664.9950 
  192.9200     4.3480   665.5200 
  194.2600     4.3850   666.0750 
  195.4400     4.4210   666.6150 
  196.4200     4.4530   667.0950 
  197.5400     4.4870   667.6050 
  198.3300     4.5170   668.0550 
  199.4800     4.5510   668.5650 
  200.7100     4.5860   669.0900 
  201.9400     4.6220   669.6300 
  202.9300     4.6560   670.1400 
  203.8800     4.6880   670.6200 
  205.2300     4.7240   671.1600 
  206.4100     4.7600   671.7000 
  207.6400     4.7970   672.2550 
  208.6200     4.8300   672.7500 
  209.5600     4.8610   673.2150 
  210.7000     4.8960   673.7400 
  211.5300     4.9270   674.2050 
  212.8300     4.9630   674.7450 
  214.1100     5.0000   675.3000 
  215.2400     5.0350   675.8250 
  216.2900     5.0690   676.3350 
  217.1700     5.1010   676.8150 
  218.3600     5.1350   677.3250 
  219.4700     5.1700   677.8500 
  220.2800     5.2010   678.3150 
  221.4800     5.2350   678.8250 
  222.5100     5.2700   679.3500 
  223.4700     5.3020   679.8300 
  224.6500     5.3370   680.3550 
  225.9200     5.3730   680.8950 
  227.0500     5.4100   681.4500 
  228.0000     5.4430   681.9450 
  229.0200     5.4770   682.4550 
  230.1900     5.5110   682.9650 
  231.2900     5.5460   683.4900 
  232.2000     5.5800   684.0000 
  233.2600     5.6120   684.4800 
  234.2800     5.6460   684.9900 
  235.3600     5.6810   685.5150 
  236.6800     5.7190   686.0850 
  237.7500     5.7540   686.6100 
  238.8100     5.7870   687.1050 
  239.8000     5.8210   687.6150 
  240.5500     5.8500   688.0500 
  241.8000     5.8870   688.6050 
  242.9300     5.9230   689.1450 
  243.8400     5.9550   689.6250 
  244.8500     5.9880   690.1200 
  245.9900     6.0240   690.6600 
  247.2500     6.0620   691.2300 
  248.2700     6.0960   691.7400 
  249.1000     6.1290   692.2350 
  250.1700     6.1620   692.7300 
  250.9700     6.1940   693.2100 
  251.9900     6.2260   693.6900 
  253.3100     6.2630   694.2450 
  254.4300     6.2990   694.7850 
  255.3600     6.3330   695.2950 
  256.2200     6.3640   695.7600 
  257.5000     6.4010   696.3150 
  258.6600     6.4370   696.8550 
  259.6200     6.4720   697.3800 
  260.6000     6.5050   697.8750 
  261.4300     6.5350   698.3250 
  262.3900     6.5700   698.8500 
  263.4400     6.6040   699.3600 
  264.4500     6.6380   699.8700 
  265.5700     6.6740   700.4100 
  266.5700     6.7090   700.9350 
  267.6600     6.7450   701.4750 
  268.4200     6.7760   701.9400 
  269.5900     6.8120   702.4800 
  270.7400     6.8480   703.0200 
  271.3500     6.8770   703.4550 
  272.5500     6.9140   704.0100 
  273.3100     6.9470   704.5050 
  274.3200     6.9800   705.0000 
  275.4200     7.0150   705.5250 
  276.6300     7.0520   706.0800 
  277.6100     7.0870   706.6050 
  278.4200     7.1190   707.0850 
  279.3000     7.1510   707.5650 
  280.5100     7.1880   708.1200 
  281.4900     7.2220   708.6300 
  282.4100     7.2560   709.1400 
  283.3500     7.2880   709.6200 
  284.3400     7.3240   710.1600 
  285.2100     7.3570   710.6550 
  286.1800     7.3910   711.1650 
  287.2500     7.4250   711.6750 
  288.3300     7.4610   712.2150 
  289.2900     7.4960   712.7400 
  290.0800     7.5280   713.2200 
  291.1400     7.5630   713.7450 
  292.2000     7.5990   714.2850 
  292.9500     7.6300   714.7500 
  293.9800     7.6640   715.2600 
  294.9900     7.7000   715.8000 
  296.1900     7.7370   716.3550 
  297.2700     7.7740   716.9100 
  298.1100     7.8070   717.4050 
  299.0400     7.8410   717.9150 
  299.6100     7.8700   718.3500 
  300.6700     7.9040   718.8600 
  301.7000     7.9390   719.3850 
  302.7000     7.9750   719.9250 
  303.5400     8.0080   720.4200 
  304.4200     8.0410   720.9150 
  305.5600     8.0780   721.4700 
  306.5500     8.1130   721.9950 
  307.4200     8.1470   722.5050 
  308.2000     8.1790   722.9850 
  309.0700     8.2110   723.4650 
  309.9500     8.2450   723.9750 
  310.9100     8.2780   724.4700 
  312.1100     8.3160   725.0400 
  313.2000     8.3520   725.5800 
  314.1200     8.3870   726.1050 
  315.0300     8.4220   726.6300 
  315.8400     8.4520   727.0800 
  316.9300     8.4880   727.6200 
  317.8800     8.5240   728.1600 
  318.6100     8.5550   728.6250 
  319.6800     8.5900   729.1500 
  320.5300     8.6240   729.6600 
  321.3400     8.6560   730.1400 
  322.3100     8.6900   730.6500 
  323.3600     8.7260   731.1900 
  324.4100     8.7630   731.7450 
  325.1400     8.7950   732.2250 
  326.0500     8.8280   732.7200 
  327.1900     8.8650   733.2750 
  328.1300     8.9000   733.8000 
  328.9100     8.9330   734.2950 
  329.8800     8.9660   734.7900 
  330.7900     9.0000   735.3000 
  331.6200     9.0340   735.8100 
  332.7700     9.0710   736.3650 
  333.6300     9.1040   736.8600 
  334.6900     9.1390   737.3850 
  335.5000     9.1730   737.8950 
  336.1800     9.2030   738.3450 
  337.1900     9.2380   738.8700 
  338.1700     9.2740   739.4100 
  338.9900     9.3060   739.8900 
  339.9800     9.3400   740.4000 
  340.8800     9.3750   740.9250 
  341.9300     9.4120   741.4800 
  342.7800     9.4450   741.9750 
  343.7600     9.4790   742.4850 
  344.7500     9.5150   743.0250 
  345.5400     9.5480   743.5200 
  346.3700     9.5800   744.0000 
  347.4600     9.6160   744.5400 
  348.4000     9.6520   745.0800 
  349.2000     9.6840   745.5600 
  350.1500     9.7170   746.0550 
  351.2500     9.7540   746.6100 
  352.3300     9.7910   747.1650 
  353.1200     9.8240   747.6600 
  354.0300     9.8580   748.1700 
  354.8000     9.8890   748.6350 
  355.6200     9.9230   749.1450 
  356.5300     9.9560   749.6400 
  357.5100     9.9890   750.1350 
  356.3700     9.9890   750.1350 
  355.5000     9.9870   750.1650 
  354.4400     9.9800   750.2700 
  351.9800     9.9490   750.7350 
  348.7900     9.9040   751.4100 
  346.2100     9.8630   752.0250 
  343.6600     9.8200   752.6700 
  341.3400     9.7800   753.2700 
  338.9900     9.7380   753.9000 
  337.1700     9.7060   754.3800 
  335.3500     9.6720   754.8900 
  333.5400     9.6380   755.4000 
  331.7900     9.6050   755.8950 
  330.1100     9.5710   756.4050 
  328.5300     9.5390   756.8850 
  326.7500     9.5040   757.4100 
  324.9700     9.4680   757.9500 
  323.2700     9.4330   758.4750 
  321.4800     9.3960   759.0300 
  319.9100     9.3630   759.5250 
  318.3100     9.3280   760.0500 
  316.7200     9.2950   760.5450 
  315.1300     9.2610   761.0550 
  313.6800     9.2290   761.5350 
  312.2700     9.1960   762.0300 
  310.7900     9.1630   762.5250 
  309.0400     9.1260   763.0800 
  307.3100     9.0890   763.6350 
  305.7100     9.0520   764.1900 
  304.3200     9.0190   764.6850 
  302.8700     8.9850   765.1950 
  301.5000     8.9530   765.6750 
  300.0200     8.9200   766.1700 
  298.7500     8.8880   766.6500 
  297.0400     8.8510   767.2050 
  295.4200     8.8150   767.7450 
  293.9200     8.7790   768.2850 
  292.5800     8.7460   768.7800 
  291.1900     8.7110   769.3050 
  289.8600     8.6790   769.7850 
  288.4100     8.6440   770.3100 
  287.0400     8.6110   770.8050 
  285.7000     8.5770   771.3150 
  284.3600     8.5440   771.8100 
  282.9200     8.5100   772.3200 
  281.5800     8.4760   772.8300 
  280.0500     8.4400   773.3700 
  278.5800     8.4030   773.9250 
  277.2400     8.3700   774.4200 
  275.9500     8.3370   774.9150 
  274.6200     8.3030   775.4250 
  273.2200     8.2690   775.9350 
  272.0700     8.2370   776.4150 
  270.8500     8.2060   776.8800 
  269.2900     8.1680   777.4500 
  267.9400     8.1340   777.9600 
  266.6000     8.0990   778.4850 
  265.0600     8.0610   779.0550 
  263.7500     8.0280   779.5500 
  262.4200     7.9930   780.0750 
  261.2300     7.9590   780.5850 
  260.0000     7.9270   781.0650 
  258.6600     7.8920   781.5900 
  257.5500     7.8620   782.0400 
  256.1300     7.8270   782.5650 
  254.7000     7.7900   783.1200 
  253.2700     7.7540   783.6600 
  251.8300     7.7180   784.2000 
  250.7500     7.6860   784.6800 
  249.5900     7.6540   785.1600 
  248.2400     7.6190   785.6850 
  247.0500     7.5870   786.1650 
  245.6500     7.5520   786.6900 
  244.3500     7.5170   787.2150 
  243.0200     7.4820   787.7400 
  241.6900     7.4460   788.2800 
  240.4400     7.4130   788.7750 
  239.1200     7.3790   789.2850 
  238.0100     7.3460   789.7800 
  236.5900     7.3100   790.3200 
  235.3600     7.2760   790.8300 
  234.0700     7.2430   791.3250 
  232.9600     7.2100   791.8200 
  231.6800     7.1760   792.3300 
  230.5600     7.1440   792.8100 
  229.2000     7.1080   793.3500 
  227.7800     7.0720   793.8900 
  226.3800     7.0360   794.4300 
  225.0100     7.0000   794.9700 
  223.7200     6.9680   795.4500 
  222.5700     6.9340   795.9600 
  221.6000     6.9040   796.4100 
  220.4000     6.8710   796.9050 
  218.9700     6.8340   797.4600 
  217.5300     6.7990   797.9850 
  216.1500     6.7620   798.5400 
  214.8700     6.7260   799.0800 
  213.6700     6.6930   799.5750 
  212.5000     6.6590   800.0850 
  211.3500     6.6270   800.5650 
  210.1300     6.5930   801.0750 
  208.8800     6.5590   801.5850 
  207.6800     6.5270   802.0650 
  206.2600     6.4900   802.6200 
  205.0000     6.4550   803.1450 
  203.6500     6.4200   803.6700 
  202.3700     6.3850   804.1950 
  201.2900     6.3540   804.6600 
  199.9700     6.3180   805.2000 
  198.7600     6.2850   805.6950 
  197.4700     6.2510   806.2050 
  196.2300     6.2170   806.7150 
  195.1800     6.1860   807.1800 
  193.8200     6.1510   807.7050 
  192.4700     6.1150   808.2450 
  191.2200     6.0800   808.7700 
  189.8500     6.0440   809.3100 
  188.7300     6.0110   809.8050 
  187.4000     5.9760   810.3300 
  186.1600     5.9420   810.8400 
  184.9100     5.9070   811.3650 
  183.7700     5.8760   811.8300 
  182.6800     5.8430   812.3250 
  181.5300     5.8110   812.8050 
  180.0200     5.7730   813.3750 
  178.6200     5.7370   813.9150 
  177.3300     5.7020   814.4400 
  176.1100     5.6670   814.9650 
  174.9600     5.6340   815.4600 
  173.7900     5.6020   815.9400 
  172.5400     5.5680   816.4500 
  171.4800     5.5370   816.9150 
  169.9700     5.4990   817.4850 
  168.5800     5.4630   818.0250 
  167.2700     5.4270   818.5650 
  166.1400     5.3930   819.0750 
  164.9900     5.3600   819.5700 
  163.8800     5.3280   820.0500 
  162.5200     5.2920   820.5900 
  161.3100     5.2590   821.0850 
  160.0900     5.2250   821.5950 
  158.8400     5.1910   822.1050 
  157.5300     5.1560   822.6300 
  156.4000     5.1240   823.1100 
  155.1300     5.0890   823.6350 
  153.9500     5.0530   824.1750 
  152.5800     5.0190   824.6850 
  151.1700     4.9830   825.2250 
  149.9600     4.9500   825.7200 
  148.6700     4.9150   826.2450 
  147.8200     4.8830   826.7250 
  147.0100     4.8530   827.1750 
  146.0400     4.8160   827.7300 
  143.8800     4.7810   828.2550 
  142.5600     4.7460   828.7800 
  141.1500     4.7090   829.3350 
  140.1800     4.6760   829.8300 
  139.5000     4.6420   830.3400 
  138.4800     4.6090   830.8350 
  137.1700     4.5750   831.3450 
  135.8900     4.5400   831.8700 
  134.8000     4.5090   832.3350 
  133.3600     4.4740   832.8600 
  131.9700     4.4370   833.4150 
  130.6300     4.4010   833.9550 
  129.4100     4.3660   834.4800 
  128.4900     4.3360   834.9300 
  127.1500     4.3030   835.4250 
  125.7200     4.2660   835.9800 
  124.6200     4.2330   836.4750 
  123.3100     4.2000   836.9700 
  122.1100     4.1660   837.4800 
  120.8300     4.1310   838.0050 
  119.6300     4.0970   838.5150 
  118.3700     4.0630   839.0250 
  116.9800     4.0270   839.5650 
  115.8300     3.9940   840.0600 
  114.4800     3.9580   840.6000 
  113.3000     3.9250   841.0950 
  111.9900     3.8900   841.6200 
  110.8400     3.8570   842.1150 
  109.4500     3.8220   842.6400 
  108.4100     3.7900   843.1200 
  107.1900     3.7560   843.6300 
  105.8200     3.7210   844.1550 
  104.4600     3.6860   844.6800 
  103.1400     3.6510   845.2050 
  101.7900     3.6150   845.7450 
  100.6400     3.5820   846.2400 
   99.5500     3.5510   846.7050 
   98.3600     3.5170   847.2150 
   97.0600     3.4820   847.7400 
   95.7000     3.4470   848.2650 
   94.1700     3.4100   848.8200 
   92.8500     3.3740   849.3600 
   91.6900     3.3410   849.8550 
   90.5700     3.3070   850.3650 
   89.4500     3.2750   850.8450 
   88.1400     3.2410   851.3550 
   86.9200     3.2080   851.8500 
   85.6500     3.1740   852.3600 
   84.1600     3.1370   852.9150 
   82.9500     3.1030   853.4250 
   81.6400     3.0690   853.9350 
   80.2500     3.0340   854.4600 
   79.1500     3.0020   854.9400 
   77.7900     2.9660   855.4800 
   76.5200     2.9320   855.9900 
   75.1500     2.8980   856.5000 
   73.8700     2.8630   857.0250 
   73.0000     2.8330   857.4750 
   71.6100     2.7990   857.9850 
   70.2100     2.7630   858.5250 
   68.9300     2.7270   859.0650 
   67.5800     2.6910   859.6050 
   66.5200     2.6600   860.0700 
   65.2100     2.6250   860.5950 
   63.8600     2.5910   861.1050 
   62.6500     2.5560   861.6300 
   61.4500     2.5240   862.1100 
   60.2800     2.4900   862.6200 
   59.0300     2.4570   863.1150 
   57.5200     2.4200   863.6700 
   56.2100     2.3850   864.1950 
   54.8400     2.3500   864.7200 
   53.6400     2.3160   865.2300 
   52.4800     2.2830   865.7250 
   51.2500     2.2500   866.2200 
   49.9200     2.2150   866.7450 
   48.8200     2.1850   867.1950 
   47.2900     2.1470   867.7650 
   45.9900     2.1120   868.2900 
   44.7200     2.0780   868.8000 
   43.4700     2.0440   869.3100 
   42.1000     2.0080   869.8500 
   40.9600     1.9760   870.3300 
   39.5900     1.9400   870.8700 
   38.2900     1.9070   871.3650 
   37.0900     1.8740   871.8600 
   35.7900     1.8390   872.3850 
   34.4500     1.8040   872.9100 
   33.1700     1.7700   873.4200 
   31.8200     1.7350   873.9450 
   30.5500     1.7010   874.4550 
   29.3800     1.6680   874.9500 
   27.9200     1.6320   875.4900 
   26.6300     1.5990   875.9850 
   25.2000     1.5620   876.5400 
   24.1600     1.5310   877.0050 
   23.0100     1.5000   877.4700 
   21.4800     1.4630   878.0250 
   20.1700     1.4280   878.5500 
   18.8700     1.3940   879.0600 
   17.4500     1.3570   879.6150 
   16.3200     1.3250   880.0950 
   14.8300     1.2890   880.6350 
   13.7900     1.2560   881.1300 
   12.4900     1.2230   881.6250 
   11.3000     1.1900   882.1200 
   10.1200     1.1580   882.6000 
    8.6100     1.1210   883.1550 
    7.1400     1.0850   883.6950 
    5.8400     1.0500   884.2200 
    4.5100     1.0150   884.7450 
    3.5500     0.9850   885.1950 
    2.0800     0.9490   885.7350 
    0.7400     0.9130   886.2750 
   -0.4300     0.8800   886.7700 
   -1.8500     0.8460   887.2800 
   -3.1300     0.8120   887.7900 
   -4.2800     0.7790   888.2850 
   -5.5200     0.7450   888.7950 
   -6.9100     0.7100   889.3200 
   -8.5100     0.6730   889.8750 
   -9.5700     0.6410   890.3550 
  -10.8100     0.6070   890.8650 
  -12.0200     0.5740   891.3600 
  -13.4900     0.5390   891.8850 
  -14.6400     0.5070   892.3650 
  -16.1200     0.4710   892.9050 
  -17.2200     0.4380   893.4000 
  -18.5200     0.4040   893.9100 
  -19.9700     0.3690   894.4350 
  -21.2600     0.3340   894.9600 
  -22.6000     0.2990   895.4850 
  -23.9300     0.2640   896.0100 
  -25.1400     0.2310   896.5050 
  -26.4100     0.1990   896.9850 
  -27.5100     0.1660   897.4800 
  -28.8900     0.1310   898.0050 
  -30.2900     0.0950   898.5450 
  -31.7600     0.0580   899.1000 
  -33.0200     0.0240   899.6100 
  -34.3600    -0.0110   900.1350 
  -35.5400    -0.0450   900.6450 
  -36.8400    -0.0780   901.1400 
  -38.0300    -0.1120   901.6500 
  -39.1400    -0.1450   902.1450 
  -40.4400    -0.1780   902.6400 
  -42.0100    -0.2150   903.1950 
  -43.3100    -0.2490   903.7050 
  -44.5400    -0.2830   904.2150 
  -45.9300    -0.3190   904.7550 
  -47.1000    -0.3510   905.2350 
  -48.5100    -0.3870   905.7750 
  -49.6200    -0.4180   906.2400 
  -51.0700    -0.4540   906.7800 
  -52.3200    -0.4880   907.2900 
  -53.3400    -0.5190   907.7550 
  -54.8400    -0.5550   908.2950 
  -56.2000    -0.5900   908.8200 
  -57.4200    -0.6250   909.3450 
  -58.8300    -0.6610   909.8850 
  -59.8600    -0.6910   910.3350 
  -61.1900    -0.7270   910.8750 
  -62.6100    -0.7620   911.4000 
  -63.8000    -0.7950   911.8950 
  -65.1400    -0.8290   912.4050 
  -66.2100    -0.8610   912.8850 
  -67.5400    -0.8950   913.3950 
  -68.9700    -0.9310   913.9350 
  -70.3900    -0.9670   914.4750 
  -71.7700    -1.0020   915.0000 
  -72.8800    -1.0350   915.4950 
  -74.1800    -1.0710   916.0350 
  -75.4800    -1.1030   916.5150 
  -76.8800    -1.1390   917.0550 
  -77.9000    -1.1700   917.5200 
  -79.3200    -1.2070   918.0750 
  -80.5400    -1.2410   918.5850 
  -81.8400    -1.2760   919.1100 
  -83.0400    -1.3090   919.6050 
  -84.3900    -1.3450   920.1450 
  -85.5900    -1.3770   920.6250 
  -86.8700    -1.4120   921.1500 
  -88.0200    -1.4440   921.6300 
  -89.2600    -1.4780   922.1400 
  -90.5200    -1.5120   922.6500 
  -91.9300    -1.5490   923.2050 
  -93.1700    -1.5820   923.7000 
  -94.4100    -1.6170   924.2250 
  -95.6700    -1.6510   924.7350 
  -96.8500    -1.6850   925.2450 
  -98.2000    -1.7200   925.7700 
  -99.4000    -1.7530   926.2650 
 -100.6800    -1.7870   926.7750 
 -101.7300    -1.8190   927.2550 
 -102.9500    -1.8520   927.7500 
 -104.3700    -1.8890   928.3050 
 -105.5800    -1.9220   928.8000 
 -106.9100    -1.9580   929.3400 
 -108.2000    -1.9940   929.8800 
 -109.3200    -2.0260   930.3600 
 -110.7500    -2.0630   930.9150 
 -111.8400    -2.0960   931.4100 
 -113.0900    -2.1310   931.9350 
 -114.2100    -2.1640   932.4300 
 -115.3000    -2.1950   932.8950 
 -116.7500    -2.2310   933.4350 
 -118.0700    -2.2680   933.9900 
 -119.2800    -2.3020   934.5000 
 -120.6400    -2.3380   935.0400 
 -121.6500    -2.3690   935.5050 
 -122.9500    -2.4040   936.0300 
 -124.0800    -2.4390   936.5550 
 -125.1400    -2.4700   937.0200 
 -126.5700    -2.5050   937.5450 
 -127.7700    -2.5400   938.0700 
 -128.8300    -2.5740   938.5800 
 -130.0300    -2.6070   939.0750 
 -131.3200    -2.6420   939.6000 
 -132.7400    -2.6790   940.1550 
 -133.6200    -2.7100   940.6200 
 -134.8100    -2.7440   941.1300 
 -135.9900    -2.7780   941.6400 
 -137.4000    -2.8140   942.1800 
 -138.3300    -2.8450   942.6450 
 -139.6600    -2.8810   943.1850 
 -140.6000    -2.9130   943.6650 
 -141.9700    -2.9480   944.1900 
 -143.3400    -2.9840   944.7300 
 -144.5100    -3.0180   945.2400 
 -145.8200    -3.0540   945.7800 
 -147.0500    -3.0890   946.3050 
 -148.1400    -3.1220   946.8000 
 -149.2600    -3.1540   947.2800 
 -150.2600    -3.1870   947.7750 
 -151.5700    -3.2230   948.3150 
 -152.9600    -3.2590   948.8550 
 -154.2400    -3.2960   949.4100 
 -155.3100    -3.3290   949.9050 
 -156.4000    -3.3630   950.4150 
 -157.5200    -3.3960   950.9100 
 -158.7700    -3.4300   951.4200 
 -159.8000    -3.4640   951.9300 
 -160.7600    -3.4960   952.4100 
 -161.9600    -3.5300   952.9200 
 -163.4600    -3.5680   953.4900 
 -164.5600    -3.6020   954.0000 
 -165.6400    -3.6350   954.4950 
 -166.8800    -3.6710   955.0350 
 -167.9600    -3.7040   955.5300 
 -169.1600    -3.7390   956.0550 
 -170.1000    -3.7710   956.5350 
 -171.3000    -3.8050   957.0450 
 -172.3900    -3.8390   957.5550 
 -173.3700    -3.8700   958.0200 
 -174.7000    -3.9070   958.5750 
 -175.8000    -3.9420   959.1000 
 -176.7900    -3.9740   959.5800 
 -178.1900    -4.0120   960.1500 
 -179.1500    -4.0440   960.6300 
 -180.3200    -4.0790   961.1550 
 -181.5400    -4.1140   961.6800 
 -182.7100    -4.1480   962.1900 
 -183.8800    -4.1820   962.7000 
 -184.7400    -4.2140   963.1800 
 -185.8200    -4.2470   963.6750 
 -187.1000    -4.2830   964.2150 
 -188.3900    -4.3190   964.7550 
 -189.6100    -4.3560   965.3100 
 -190.5500    -4.3890   965.8050 
 -191.5700    -4.4220   966.3000 
 -192.8000    -4.4550   966.7950 
 -193.8300    -4.4900   967.3200 
 -194.8700    -4.5210   967.7850 
 -196.0900    -4.5580   968.3400 
 -197.2300    -4.5930   968.8650 
 -198.3500    -4.6280   969.3900 
 -199.2400    -4.6600   969.8700 
 -200.4900    -4.6960   970.4100 
 -201.6500    -4.7320   970.9500 
 -202.5100    -4.7620   971.4000 
 -203.5100    -4.7950   971.8950 
 -204.7300    -4.8310   972.4350 
 -205.6700    -4.8640   972.9300 
 -206.8500    -4.8990   973.4550 
 -208.0000    -4.9330   973.9650 
 -208.8900    -4.9650   974.4450 
 -210.3400    -5.0050   975.0450 
 -211.3700    -5.0390   975.5550 
 -212.4400    -5.0720   976.0500 
 -213.6300    -5.1060   976.5600 
 -214.7000    -5.1410   977.0850 
 -215.4700    -5.1720   977.5500 
 -216.6300    -5.2050   978.0450 
 -217.8800    -5.2420   978.6000 
 -218.9800    -5.2760   979.1100 
 -220.0900    -5.3110   979.6350 
 -221.1500    -5.3460   980.1600 
 -222.2200    -5.3790   980.6550 
 -223.4300    -5.4150   981.1950 
 -224.2300    -5.4460   981.6600 
 -225.3700    -5.4820   982.2000 
 -226.4300    -5.5160   982.7100 
 -227.4700    -5.5480   983.1900 
 -228.6400    -5.5840   983.7300 
 -229.7500    -5.6200   984.2700 
 -230.7100    -5.6530   984.7650 
 -232.0300    -5.6900   985.3200 
 -232.9400    -5.7220   985.8000 
 -234.0500    -5.7560   986.3100 
 -234.9800    -5.7910   986.8350 
 -235.9000    -5.8210   987.2850 
 -237.0800    -5.8570   987.8250 
 -238.0000    -5.8900   988.3200 
 -238.9400    -5.9220   988.8000 
 -240.1600    -5.9590   989.3550 
 -241.2200    -5.9930   989.8650 
 -242.4500    -6.0320   990.4500 
 -243.2200    -6.0630   990.9150 
 -244.1100    -6.0950   991.3950 
 -245.3300    -6.1300   991.9200 
 -246.5200    -6.1670   992.4750 
 -247.3000    -6.1980   992.9400 
 -248.3800    -6.2340   993.4800 
 -249.3500    -6.2670   993.9750 
 -250.3900    -6.3000   994.4700 
 -251.5400    -6.3370   995.0250 
 -252.5400    -6.3710   995.5350 
 -253.6200    -6.4060   996.0600 
 -254.7500    -6.4420   996.6000 
 -255.5400    -6.4730   997.0650 
 -256.5900    -6.5070   997.5750 
 -257.3900    -6.5390   998.0550 
 -258.6600    -6.5750   998.5950 
 -259.8500    -6.6110   999.1350 
 -260.9100    -6.6480   999.6900 
 -261.7900    -6.6810  1000.1850 
 -262.7300    -6.7140  1000.6800 
 -263.7800    -6.7480  1001.1900 
 -264.7100    -6.7820  1001.7000 
 -265.5400    -6.8140  1002.1800 
 -266.5500    -6.8480  1002.6900 
 -267.5700    -6.8820  1003.2000 
 -268.7700    -6.9190  1003.7550 
 -269.6600    -6.9530  1004.2650 
 -270.5600    -6.9850  1004.7450 
 -271.8600    -7.0230  1005.3150 
 -272.8700    -7.0580  1005.8400 
 -273.8300    -7.0920  1006.3500 
 -274.6400    -7.1240  1006.8300 
 -275.7100    -7.1590  1007.3550 
 -276.6000    -7.1920  1007.8500 
 -277.4000    -7.2230  1008.3150 
 -278.5800    -7.2590  1008.8550 
 -279.5900    -7.2940  1009.3800 
 -280.5800    -7.3290  1009.9050 
 -281.7400    -7.3660  1010.4600 
 -282.4800    -7.3970  1010.9250 
 -283.4600    -7.4310  1011.4350 
 -284.4200    -7.4650  1011.9450 
 -285.4700    -7.4990  1012.4550 
 -286.5400    -7.5340  1012.9800 
 -287.3700    -7.5670  1013.4750 
 -288.3500    -7.6010  1013.9850 
 -289.3700    -7.6360  1014.5100 
 -290.4500    -7.6720  1015.0500 
 -291.5200    -7.7070  1015.5750 
 -292.3100    -7.7400  1016.0700 
 -293.2100    -7.7730  1016.5650 
 -294.3500    -7.8080  1017.0900 
 -295.1300    -7.8410  1017.5850 
 -296.0700    -7.8730  1018.0650 
 -297.0700    -7.9090  1018.6050 
 -297.9900    -7.9430  1019.1150 
 -298.9700    -7.9770  1019.6250 
 -299.9700    -8.0120  1020.1500 
 -301.0600    -8.0480  1020.6900 
 -301.9600    -8.0830  1021.2150 
 -302.7300    -8.1140  1021.6800 
 -303.7200    -8.1470  1022.1750 
 -304.7500    -8.1830  1022.7150 
 -305.5700    -8.2160  1023.2100 
 -306.7100    -8.2520  1023.7500 
 -307.8000    -8.2870  1024.2750 
 -308.5000    -8.3190  1024.7550 
 -309.5300    -8.3550  1025.2950 
 -310.5800    -8.3900  1025.8200 
 -311.6200    -8.4240  1026.3300 
 -312.6700    -8.4590  1026.8550 
 -313.5000    -8.4920  1027.3500 
 -314.2100    -8.5220  1027.8000 
 -315.3400    -8.5580  1028.3400 
 -316.3700    -8.5940  1028.8800 
 -317.2800    -8.6280  1029.3900 
 -318.3400    -8.6630  1029.9150 
 -319.3500    -8.6990  1030.4550 
 -320.2500    -8.7320  1030.9500 
 -321.2100    -8.7680  1031.4900 
 -321.8900    -8.7980  1031.9400 
 -322.8700    -8.8330  1032.4650 
 -323.8500    -8.8670  1032.9750 
 -324.7500    -8.9000  1033.4700 
 -325.8200    -8.9360  1034.0100 
 -326.7400    -8.9710  1034.5350 
 -327.6200    -9.0040  1035.0300 
 -328.7900    -9.0410  1035.5850 
 -329.5700    -9.0730  1036.0650 
 -330.6200    -9.1090  1036.6050 
 -331.5200    -9.1430  1037.1150 
 -332.3800    -9.1760  1037.6100 
 -333.3800    -9.2100  1038.1200 
 -334.0600    -9.2420  1038.6000 
 -334.9800    -9.2750  1039.0950 
 -336.1600    -9.3120  1039.6500 
 -337.1900    -9.3480  1040.1900 
 -338.2500    -9.3850  1040.7450 
 -338.8400    -9.4150  1041.1950 
 -339.7600    -9.4480  1041.6900 
 -340.8000    -9.4830  1042.2150 
 -341.8000    -9.5190  1042.7550 
 -342.5300    -9.5500  1043.2200 
 -343.5900    -9.5860  1043.7600 
 -344.3700    -9.6180  1044.2400 
 -345.4300    -9.6530  1044.7650 
 -346.4200    -9.6890  1045.3050 
 -347.3400    -9.7230  1045.8150 
 -348.3500    -9.7570  1046.3250 
 -349.3400    -9.7930  1046.8650 
 -350.0600    -9.8240  1047.3300 
 -351.1100    -9.8590  1047.8550 
 -351.8300    -9.8890  1048.3050 
 -352.9800    -9.9260  1048.8600 
 -354.0200    -9.9630  1049.4150 
 -354.9800    -9.9970  1049.9250 
 -355.1900   -10.0190  1050.2550 
 -354.2200   -10.0200  1050.2700 
 -353.3900   -10.0180  1050.3000 
 -352.5600   -10.0140  1050.3600 
 -349.3300    -9.9710  1051.0050 
 -345.7700    -9.9170  1051.8150 
 -343.1900    -9.8750  1052.4450 
 -340.8200    -9.8350  1053.0450 
 -338.7300    -9.7970  1053.6150 
 -336.6800    -9.7610  1054.1550 
 -334.7300    -9.7250  1054.6950 
 -332.8200    -9.6890  1055.2350 
 -331.0100    -9.6540  1055.7600 
 -329.3200    -9.6200  1056.2700 
 -328.2100    -9.5860  1056.7800 
 -327.0300    -9.5560  1057.2300 
 -325.1200    -9.5200  1057.7700 
 -322.2800    -9.4860  1058.2800 
 -320.8100    -9.4520  1058.7900 
 -319.4300    -9.4180  1059.3000 
 -318.3100    -9.3820  1059.8400 
 -316.8000    -9.3470  1060.3650 
 -315.2700    -9.3140  1060.8600 
 -313.6200    -9.2800  1061.3700 
 -311.7900    -9.2450  1061.8950 
 -309.7300    -9.2110  1062.4050 
 -308.7400    -9.1780  1062.9000 
 -307.4600    -9.1450  1063.3950 
 -305.9400    -9.1100  1063.9200 
 -304.4300    -9.0770  1064.4150 
 -302.6000    -9.0380  1065.0000 
 -301.0500    -9.0030  1065.5250 
 -299.5600    -8.9680  1066.0500 
 -298.1300    -8.9350  1066.5450 
 -296.9000    -8.9050  1066.9950 
 -295.4500    -8.8710  1067.5050 
 -293.9500    -8.8360  1068.0300 
 -292.5700    -8.8030  1068.5250 
 -291.0600    -8.7690  1069.0350 
 -289.6500    -8.7340  1069.5600 
 -288.1400    -8.6980  1070.1000 
 -286.7000    -8.6620  1070.6400 
 -285.3000    -8.6280  1071.1500 
 -283.8500    -8.5940  1071.6600 
 -282.6600    -8.5620  1072.1400 
 -281.3000    -8.5290  1072.6350 
 -279.7300    -8.4930  1073.1750 
 -278.3500    -8.4590  1073.6850 
 -276.9900    -8.4230  1074.2250 
 -275.6800    -8.3910  1074.7050 
 -274.1100    -8.3540  1075.2600 
 -272.6000    -8.3180  1075.8000 
 -271.3800    -8.2850  1076.2950 
 -270.0700    -8.2520  1076.7900 
 -268.8700    -8.2210  1077.2550 
 -267.6500    -8.1870  1077.7650 
 -266.2000    -8.1520  1078.2900 
 -264.7600    -8.1180  1078.8000 
 -263.4300    -8.0830  1079.3250 
 -262.2000    -8.0500  1079.8200 
 -260.8100    -8.0150  1080.3450 
 -259.4400    -7.9810  1080.8550 
 -257.9700    -7.9450  1081.3950 
 -256.5700    -7.9080  1081.9500 
 -255.5900    -7.8790  1082.3850 
 -254.2700    -7.8450  1082.8950 
 -253.1400    -7.8140  1083.3600 
 -251.6700    -7.7790  1083.8850 
 -250.1900    -7.7420  1084.4400 
 -248.8200    -7.7060  1084.9800 
 -247.4400    -7.6700  1085.5200 
 -246.1100    -7.6350  1086.0450 
 -244.9700    -7.6030  1086.5250 
 -243.6500    -7.5680  1087.0500 
 -242.5300    -7.5360  1087.5300 
 -241.2000    -7.5020  1088.0400 
 -239.9000    -7.4680  1088.5500 
 -238.6600    -7.4330  1089.0750 
 -237.4300    -7.4000  1089.5700 
 -236.0700    -7.3640  1090.1100 
 -234.7500    -7.3300  1090.6200 
 -233.5100    -7.2950  1091.1450 
 -232.2800    -7.2610  1091.6550 
 -231.1000    -7.2290  1092.1350 
 -229.7100    -7.1930  1092.6750 
 -228.4100    -7.1580  1093.2000 
 -227.3300    -7.1270  1093.6650 
 -225.9500    -7.0910  1094.2050 
 -224.7000    -7.0570  1094.7150 
 -223.2100    -7.0200  1095.2700 
 -221.9400    -6.9840  1095.8100 
 -220.7500    -6.9510  1096.3050 
 -219.6100    -6.9190  1096.7850 
 -218.5600    -6.8870  1097.2650 
 -217.2700    -6.8540  1097.7600 
 -215.8900    -6.8180  1098.3000 
 -214.7200    -6.7840  1098.8100 
 -213.5800    -6.7510  1099.3050 
 -212.2100    -6.7160  1099.8300 
 -210.8300    -6.6800  1100.3700 
 -209.5300    -6.6440  1100.9100 
 -208.1800    -6.6080  1101.4500 
 -207.0200    -6.5750  1101.9450 
 -205.9200    -6.5430  1102.4250 
 -204.7900    -6.5100  1102.9200 
 -203.5400    -6.4770  1103.4150 
 -202.1100    -6.4410  1103.9550 
 -200.7400    -6.4040  1104.5100 
 -199.5400    -6.3710  1105.0050 
 -198.2800    -6.3360  1105.5300 
 -197.0200    -6.3020  1106.0400 
 -195.7400    -6.2670  1106.5650 
 -194.5900    -6.2340  1107.0600 
 -193.5100    -6.2030  1107.5250 
 -192.1700    -6.1680  1108.0500 
 -191.0100    -6.1340  1108.5600 
 -189.7400    -6.1000  1109.0700 
 -188.4300    -6.0660  1109.5800 
 -187.0400    -6.0300  1110.1200 
 -185.9000    -5.9960  1110.6300 
 -184.7900    -5.9630  1111.1250 
 -183.4800    -5.9290  1111.6350 
 -182.0700    -5.8920  1112.1900 
 -180.9700    -5.8590  1112.6850 
 -179.7700    -5.8270  1113.1650 
 -178.5300    -5.7930  1113.6750 
 -177.3800    -5.7590  1114.1850 
 -176.0800    -5.7260  1114.6800 
 -174.6300    -5.6880  1115.2500 
 -173.2700    -5.6520  1115.7900 
 -171.9100    -5.6160  1116.3300 
 -170.7200    -5.5830  1116.8250 
 -169.6700    -5.5520  1117.2900 
 -168.3000    -5.5170  1117.8150 
 -167.0900    -5.4830  1118.3250 
 -165.9500    -5.4500  1118.8200 
 -164.6100    -5.4160  1119.3300 
 -163.2500    -5.3790  1119.8850 
 -161.9300    -5.3440  1120.4100 
 -160.7800    -5.3100  1120.9200 
 -159.5600    -5.2780  1121.4000 
 -158.3600    -5.2430  1121.9250 
 -157.2700    -5.2110  1122.4050 
 -156.0100    -5.1780  1122.9000 
 -154.4900    -5.1400  1123.4700 
 -153.2500    -5.1060  1123.9800 
 -152.1100    -5.0720  1124.4900 
 -150.8900    -5.0390  1124.9850 
 -149.5000    -5.0030  1125.5250 
 -148.1200    -4.9660  1126.0800 
 -146.9800    -4.9330  1126.5750 
 -145.7700    -4.9000  1127.0700 
 -144.7500    -4.8680  1127.5500 
 -143.6200    -4.8370  1128.0150 
 -142.2500    -4.8010  1128.5550 
 -140.9000    -4.7660  1129.0800 
 -139.7200    -4.7320  1129.5900 
 -138.5200    -4.6980  1130.1000 
 -137.1900    -4.6630  1130.6250 
 -135.8600    -4.6280  1131.1500 
 -134.5100    -4.5910  1131.7050 
 -133.2500    -4.5560  1132.2300 
 -132.3000    -4.5270  1132.6650 
 -130.9500    -4.4910  1133.2050 
 -129.8300    -4.4580  1133.7000 
 -128.5600    -4.4240  1134.2100 
 -127.1500    -4.3880  1134.7500 
 -125.7700    -4.3520  1135.2900 
 -124.5200    -4.3170  1135.8150 
 -123.3100    -4.2830  1136.3250 
 -122.2400    -4.2510  1136.8050 
 -120.8600    -4.2160  1137.3300 
 -119.7700    -4.1840  1137.8100 
 -118.5000    -4.1500  1138.3200 
 -117.2400    -4.1160  1138.8300 
 -116.1300    -4.0820  1139.3400 
 -114.8200    -4.0480  1139.8500 
 -113.4700    -4.0130  1140.3750 
 -112.1800    -3.9780  1140.9000 
 -111.0500    -3.9440  1141.4100 
 -109.8100    -3.9100  1141.9200 
 -108.5500    -3.8760  1142.4300 
 -107.2300    -3.8410  1142.9550 
 -105.9900    -3.8060  1143.4800 
 -104.9000    -3.7760  1143.9300 
 -103.5500    -3.7410  1144.4550 
 -102.3800    -3.7060  1144.9800 
 -100.8700    -3.6690  1145.5350 
  -99.5600    -3.6330  1146.0750 
  -98.1800    -3.5980  1146.6000 
  -97.0000    -3.5650  1147.0950 
  -96.0700    -3.5340  1147.5600 
  -94.7400    -3.5000  1148.0700 
  -93.3500    -3.4650  1148.5950 
  -92.1600    -3.4300  1149.1200 
  -91.1000    -3.3980  1149.6000 
  -89.6800    -3.3630  1150.1250 
  -88.2500    -3.3270  1150.6650 
  -86.9600    -3.2910  1151.2050 
  -85.8200    -3.2570  1151.7150 
  -84.6900    -3.2250  1152.1950 
  -83.6100    -3.1920  1152.6900 
  -82.3600    -3.1600  1153.1700 
  -80.9900    -3.1250  1153.6950 
  -79.5200    -3.0880  1154.2500 
  -78.2400    -3.0520  1154.7900 
  -77.1500    -3.0200  1155.2700 
  -75.8800    -2.9860  1155.7800 
  -74.5300    -2.9510  1156.3050 
  -73.2700    -2.9150  1156.8450 
  -72.0200    -2.8820  1157.3400 
  -70.9700    -2.8510  1157.8050 
  -69.6500    -2.8160  1158.3300 
  -68.5500    -2.7830  1158.8250 
  -67.3700    -2.7500  1159.3200 
  -66.0000    -2.7150  1159.8450 
  -64.6400    -2.6790  1160.3850 
  -63.3800    -2.6430  1160.9250 
  -62.2400    -2.6100  1161.4200 
  -60.9100    -2.5750  1161.9450 
  -59.5000    -2.5390  1162.4850 
  -58.5600    -2.5070  1162.9650 
  -57.2400    -2.4740  1163.4600 
  -55.9600    -2.4390  1163.9850 
  -54.7000    -2.4040  1164.5100 
  -53.5200    -2.3720  1164.9900 
  -52.0000    -2.3340  1165.5600 
  -50.8100    -2.3000  1166.0700 
  -49.4700    -2.2650  1166.5950 
  -48.3600    -2.2320  1167.0900 
  -47.1500    -2.2000  1167.5700 
  -45.8900    -2.1650  1168.0950 
  -44.6700    -2.1310  1168.6050 
  -43.5300    -2.0990  1169.0850 
  -42.2000    -2.0640  1169.6100 
  -40.9600    -2.0280  1170.1500 
  -39.5600    -1.9920  1170.6900 
  -38.3700    -1.9580  1171.2000 
  -37.0400    -1.9250  1171.6950 
  -35.8600    -1.8910  1172.2050 
  -34.8400    -1.8590  1172.6850 
  -33.4800    -1.8250  1173.1950 
  -32.0000    -1.7880  1173.7500 
  -30.9500    -1.7550  1174.2450 
  -29.7300    -1.7220  1174.7400 
  -28.4300    -1.6880  1175.2500 
  -26.9300    -1.6500  1175.8200 
  -25.5600    -1.6140  1176.3600 
  -24.3700    -1.5800  1176.8700 
  -23.1900    -1.5470  1177.3650 
  -22.1000    -1.5150  1177.8450 
  -20.9500    -1.4820  1178.3400 
  -19.6400    -1.4480  1178.8500 
  -18.3200    -1.4130  1179.3750 
  -17.1500    -1.3790  1179.8850 
  -15.8900    -1.3450  1180.3950 
  -14.5100    -1.3090  1180.9350 
  -13.2300    -1.2750  1181.4450 
  -11.8500    -1.2390  1181.9850 
  -10.6300    -1.2050  1182.4950 
   -9.6600    -1.1750  1182.9450 
   -8.4400    -1.1410  1183.4550 
   -7.2900    -1.1090  1183.9350 
   -5.7400    -1.0720  1184.4900 
   -4.2800    -1.0360  1185.0300 
   -2.9500    -1.0000  1185.5700 
   -1.8200    -0.9660  1186.0800 
   -0.6400    -0.9330  1186.5750 
    0.7300    -0.9000  1187.0700 
    2.1500    -0.8640  1187.6100 
    3.2300    -0.8330  1188.0750 
    4.5400    -0.7980  1188.6000 
    5.8600    -0.7640  1189.1100 
    6.9700    -0.7320  1189.5900 
    8.2600    -0.6970  1190.1150 
    9.6600    -0.6620  1190.6400 
   11.0900    -0.6250  1191.1950 
   12.3500    -0.5900  1191.7200 
   13.5400    -0.5570  1192.2150 
   14.7900    -0.5230  1192.7250 
   16.1400    -0.4870  1193.2650 
   17.4200    -0.4540  1193.7600 
   18.6200    -0.4220  1194.2400 
   20.0400    -0.3870  1194.7650 
   21.2400    -0.3520  1195.2900 
   22.7900    -0.3150  1195.8450 
   24.1200    -0.2810  1196.3550 
   25.3900    -0.2470  1196.8650 
   26.6000    -0.2140  1197.3600 
   27.6200    -0.1840  1197.8100 
   29.1200    -0.1480  1198.3500 
   30.5300    -0.1120  1198.8900 
   31.6900    -0.0790  1199.3850 
   32.8700    -0.0470  1199.8650 
   34.3400    -0.0110  1200.4050 
